"y","x","cluster_id"
8,101,178
8,103,178
9,104,178
10,101,178
10,103,178
10,104,178
11,103,178
12,98,178
12,102,178
12,103,178
13,96,178
13,99,178
14,94,178
14,97,178
15,97,178
15,99,178
15,100,178
16,97,178
16,101,178
17,97,178
17,99,178
17,101,178
18,91,178
18,100,178
18,101,178
19,91,178
19,92,178
19,98,178
19,100,178
20,91,178
20,127,178
20,131,178
21,93,178
21,94,178
21,99,178
23,93,178
23,94,178
23,97,178
24,97,178
24,98,178
25,91,178
25,96,178
25,97,178
26,91,178
26,95,178
26,96,178
27,95,178
28,90,178
28,94,178
29,88,178
29,89,178
29,93,178
29,94,178
29,95,178
29,97,178
29,98,178
30,89,178
30,90,178
30,94,178
30,95,178
31,93,178
32,93,178
32,95,178
32,98,178
32,121,178
32,133,178
33,132,178
34,88,178
34,90,178
35,90,178
35,91,178
35,92,178
35,94,178
35,95,178
35,129,178
35,147,178
36,90,178
36,91,178
36,92,178
37,90,178
37,92,178
37,97,178
37,123,178
37,130,178
37,147,178
38,119,178
39,85,178
39,86,178
39,88,178
39,90,178
39,91,178
39,129,178
39,170,178
39,171,178
40,85,178
40,88,178
40,89,178
40,90,178
40,170,178
40,171,178
41,88,178
41,89,178
41,90,178
41,91,178
41,127,178
41,170,178
42,85,178
42,88,178
42,89,178
42,127,178
43,87,178
43,92,178
44,111,178
44,129,178
45,83,178
46,88,178
47,82,178
47,88,178
47,90,178
47,126,178
48,126,178
49,87,178
50,81,178
50,86,178
50,87,178
50,128,178
50,220,455
51,81,178
51,86,178
51,365,455
52,80,178
52,83,178
52,84,178
52,86,178
52,372,455
53,79,178
53,82,178
53,85,178
53,292,455
54,79,178
54,81,178
54,83,178
54,85,178
54,88,178
55,78,178
55,79,178
55,82,178
55,84,178
55,297,455
56,77,178
56,78,178
56,82,178
56,83,178
56,84,178
56,144,178
57,78,178
57,82,178
57,83,178
57,84,178
57,126,178
57,144,178
58,84,178
58,87,178
59,77,178
59,78,178
59,82,178
59,83,178
59,118,178
59,196,178
60,78,178
60,81,178
60,82,178
60,83,178
61,81,178
61,82,178
61,83,178
61,95,178
61,96,178
61,125,178
61,221,455
61,372,455
61,373,455
62,82,178
62,195,178
62,196,178
62,373,455
63,82,178
63,94,178
63,196,178
63,197,178
63,373,455
63,374,455
64,81,178
64,82,178
64,89,178
64,197,178
64,367,455
64,372,455
64,373,455
64,374,455
64,375,455
65,81,178
65,82,178
65,373,455
66,81,178
66,116,178
66,223,455
66,362,455
66,363,455
67,361,455
67,362,455
67,363,455
68,81,178
68,361,455
68,387,455
69,78,178
69,376,455
69,572,505
70,77,178
70,78,178
70,80,178
70,178,178
71,76,178
71,77,178
71,78,178
71,79,178
71,80,178
71,213,455
72,76,178
72,78,178
72,79,178
72,80,178
72,81,178
72,189,178
72,190,178
72,298,455
73,76,178
73,78,178
73,79,178
73,80,178
73,81,178
73,190,178
73,298,455
74,77,178
74,78,178
74,79,178
74,298,455
74,299,455
74,352,455
75,74,178
75,92,178
75,179,178
75,180,178
75,251,455
75,252,455
76,76,178
76,179,178
76,180,178
76,303,455
77,74,178
77,76,178
77,179,178
77,180,178
77,318,455
77,351,455
78,76,178
78,179,178
78,180,178
78,319,455
79,74,178
79,75,178
79,179,178
79,180,178
79,229,455
79,301,455
80,74,178
80,180,178
80,229,455
82,585,505
83,73,178
84,72,178
84,196,178
84,197,178
84,210,455
85,305,455
86,176,178
86,304,455
86,305,455
86,306,455
86,340,455
86,524,505
86,544,505
87,110,178
87,245,455
87,304,455
87,305,455
87,524,505
87,543,505
88,72,178
88,225,455
88,228,455
88,244,455
88,548,505
89,72,178
89,74,178
89,110,178
89,220,455
89,225,455
89,226,455
89,227,455
89,228,455
89,244,455
89,245,455
90,72,178
90,74,178
90,113,178
90,114,178
90,243,455
90,244,455
90,245,455
90,246,455
90,313,455
91,243,455
91,244,455
91,245,455
92,71,178
92,243,455
92,244,455
92,310,455
92,311,455
92,551,505
93,74,178
93,313,455
93,553,505
94,240,455
94,268,455
94,311,455
94,553,505
95,71,178
95,268,455
95,314,455
96,155,178
96,269,455
96,554,505
97,72,178
97,112,178
97,224,455
97,555,505
98,71,178
98,72,178
98,551,505
98,552,505
98,554,505
98,555,505
98,556,505
99,71,178
99,273,455
99,552,505
99,553,505
99,554,505
99,555,505
99,556,505
99,557,505
99,584,505
100,72,178
100,552,505
100,554,505
100,555,505
100,556,505
100,557,505
101,72,178
101,331,455
101,332,455
101,551,505
101,552,505
101,553,505
101,554,505
101,555,505
101,556,505
101,557,505
101,558,505
101,559,505
101,560,505
102,71,178
102,74,178
102,549,505
102,550,505
102,551,505
102,552,505
102,553,505
102,554,505
102,555,505
102,556,505
102,557,505
102,558,505
102,559,505
103,115,178
103,361,455
103,548,505
103,549,505
103,550,505
103,555,505
103,558,505
104,105,178
104,559,505
105,73,178
105,357,455
106,75,178
106,105,178
106,114,178
106,361,455
107,70,178
107,71,178
107,72,178
107,74,178
107,75,178
107,105,178
108,70,178
108,71,178
108,72,178
108,111,178
108,233,455
109,70,178
109,71,178
109,73,178
109,105,178
109,107,178
110,104,178
111,114,178
112,104,178
112,105,178
113,71,178
113,74,178
113,75,178
113,323,455
114,72,178
114,75,178
114,338,455
115,114,178
115,338,455
116,113,178
116,299,455
116,320,455
116,321,455
117,104,178
117,262,455
117,298,455
117,299,455
117,326,455
118,75,178
118,103,178
118,118,178
118,261,455
118,262,455
118,296,455
118,297,455
118,298,455
118,299,455
118,326,455
119,75,178
119,139,178
119,261,455
119,295,455
119,296,455
119,297,455
119,298,455
119,299,455
120,75,178
120,260,455
120,294,455
120,295,455
120,296,455
120,297,455
120,298,455
120,299,455
121,73,178
121,116,178
121,223,455
121,273,455
121,274,455
121,282,455
121,283,455
121,292,455
121,293,455
121,299,455
121,300,455
121,309,455
121,322,455
122,73,178
122,74,178
122,75,178
122,272,455
122,273,455
122,274,455
122,275,455
122,276,455
122,289,455
122,290,455
122,292,455
122,300,455
122,301,455
122,304,455
122,309,455
122,316,455
122,555,505
123,72,919
123,73,919
123,74,919
123,75,919
123,271,455
123,272,455
123,275,455
123,289,455
123,302,455
123,305,455
123,306,455
123,309,455
123,320,455
123,361,455
123,556,505
123,566,505
123,567,505
123,578,505
124,73,919
124,74,919
124,272,455
124,273,455
124,288,455
124,289,455
124,304,455
124,305,455
124,308,455
124,345,455
124,568,505
124,569,505
125,74,919
125,75,919
125,91,919
125,289,455
125,290,455
125,304,455
125,305,455
125,320,455
125,535,505
125,569,505
125,570,505
126,91,919
126,94,919
126,289,455
126,305,455
126,306,455
126,570,505
127,74,919
127,306,455
127,307,455
127,319,455
128,76,919
128,262,455
128,289,455
128,302,455
128,303,455
128,306,455
128,368,906
129,303,455
130,76,919
130,96,919
130,98,919
130,143,919
130,207,455
130,269,455
130,278,455
131,73,919
131,74,919
131,76,919
131,90,919
131,142,919
131,269,455
131,271,455
131,302,455
131,303,455
131,370,906
132,73,919
132,95,919
132,270,455
132,271,455
133,320,455
134,74,919
135,270,455
135,316,455
136,211,455
136,301,455
137,94,919
137,369,906
138,84,919
138,90,919
138,110,919
138,137,919
138,283,455
138,302,455
138,346,906
138,369,906
139,110,919
139,137,919
139,365,906
139,368,906
140,110,919
140,327,455
140,329,455
140,364,906
140,365,906
141,364,906
142,94,919
142,95,919
142,117,919
142,305,455
143,327,455
143,329,906
143,330,906
143,365,906
144,95,919
144,96,919
144,98,919
144,109,919
144,365,906
145,285,455
145,308,455
145,365,906
145,369,906
146,95,919
146,99,919
146,307,455
146,308,455
146,345,906
146,369,906
147,115,919
147,234,455
147,307,455
147,308,455
147,309,455
147,312,455
147,342,906
148,93,919
148,109,919
148,308,455
148,309,455
148,310,455
148,311,455
148,367,906
149,81,919
149,85,919
149,310,455
149,311,455
149,312,455
149,313,455
149,314,455
149,315,455
149,316,455
150,84,919
150,85,919
150,86,919
150,88,919
150,105,919
150,311,455
150,313,455
150,314,455
151,84,919
151,314,906
151,315,906
151,331,906
152,82,919
152,85,919
152,313,906
153,94,919
153,111,919
153,118,919
153,311,906
153,313,906
153,364,906
153,365,906
154,112,919
154,363,906
154,364,906
154,365,906
155,112,919
155,241,455
155,311,906
155,359,906
155,361,906
155,362,906
155,363,906
155,364,906
155,539,505
156,98,919
156,361,906
156,362,906
158,81,919
158,82,919
158,90,919
159,81,919
159,82,919
159,97,919
160,82,919
160,88,919
160,89,919
160,92,919
160,93,919
160,94,919
160,96,919
160,97,919
160,315,906
161,83,919
161,86,919
161,88,919
161,92,919
161,96,919
161,280,455
161,315,906
161,510,505
161,538,505
162,81,919
162,82,919
162,90,919
162,92,919
162,527,505
163,83,919
163,89,919
163,91,919
163,92,919
163,317,906
164,86,919
164,91,919
164,111,919
164,309,906
164,354,906
165,91,919
165,96,919
165,529,505
166,87,919
166,90,919
166,598,505
167,290,906
169,291,906
169,292,906
170,87,919
170,90,919
170,292,906
171,89,919
171,331,906
171,336,906
171,337,906
171,338,906
172,85,919
172,86,919
172,88,919
172,102,919
172,233,455
172,336,906
172,339,906
172,340,906
172,341,906
173,85,919
173,88,919
173,95,919
173,251,455
173,338,906
173,339,906
173,341,906
173,357,906
173,358,906
173,359,906
174,85,919
174,86,919
174,87,919
174,94,919
174,100,919
174,251,455
174,252,455
174,338,906
174,341,906
174,356,906
174,357,906
174,358,906
174,360,906
174,590,505
175,84,919
175,85,919
175,86,919
175,88,919
175,90,919
175,95,919
175,114,919
175,249,455
175,250,455
175,252,455
175,345,906
175,356,906
175,587,505
176,84,919
176,88,919
176,89,919
176,100,919
176,101,919
176,131,919
176,246,455
176,248,455
176,249,455
176,339,906
176,340,906
177,84,919
177,85,919
177,86,919
177,87,919
177,88,919
177,89,919
177,590,505
178,85,919
178,86,919
178,87,919
178,88,919
178,89,919
178,91,919
178,114,919
178,122,919
178,354,906
178,588,505
178,590,505
179,85,919
179,86,919
179,87,919
179,136,919
179,284,906
179,348,906
179,351,906
179,352,906
179,353,906
179,354,906
179,355,906
179,356,906
179,588,505
180,85,919
180,86,919
180,87,919
180,88,919
180,350,906
180,351,906
180,352,906
180,353,906
180,354,906
180,355,906
180,356,906
180,357,906
180,358,906
180,520,505
180,589,505
181,85,919
181,92,919
181,104,919
181,110,919
181,352,906
181,353,906
181,354,906
181,355,906
181,356,906
181,357,906
181,358,906
181,588,505
182,133,919
182,325,906
182,351,906
182,352,906
182,353,906
182,354,906
182,355,906
182,356,906
182,357,906
182,358,906
182,359,906
183,109,919
183,299,906
183,304,906
183,307,906
183,320,906
183,321,906
183,322,906
183,338,906
183,350,906
183,351,906
183,352,906
183,353,906
183,354,906
183,355,906
183,356,906
183,357,906
183,358,906
183,359,906
183,360,906
183,361,906
184,301,906
184,302,906
184,303,906
184,304,906
184,305,906
184,306,906
184,307,906
184,320,906
184,330,906
184,350,906
184,352,906
184,353,906
184,354,906
184,355,906
184,356,906
184,357,906
184,358,906
184,359,906
184,360,906
184,361,906
184,362,906
185,92,919
185,280,906
185,300,906
185,302,906
185,303,906
185,304,906
185,305,906
185,306,906
185,307,906
185,308,906
185,329,906
185,353,906
185,354,906
185,355,906
185,356,906
185,357,906
185,358,906
185,359,906
185,360,906
185,361,906
185,362,906
186,92,919
186,93,919
186,300,906
186,301,906
186,303,906
186,305,906
186,306,906
186,307,906
186,354,906
186,355,906
186,356,906
186,357,906
186,358,906
186,359,906
186,360,906
186,361,906
186,362,906
186,509,505
187,274,906
187,299,906
187,300,906
187,301,906
187,302,906
187,303,906
187,304,906
187,305,906
187,306,906
187,307,906
187,312,906
187,359,906
187,360,906
188,86,919
188,96,919
188,270,906
188,274,906
188,275,906
188,300,906
188,301,906
188,303,906
188,304,906
188,306,906
188,307,906
188,342,906
188,361,906
189,87,919
189,295,906
189,299,906
189,300,906
189,301,906
189,302,906
189,303,906
189,304,906
189,306,906
189,310,906
189,311,906
189,336,906
189,361,906
190,87,919
190,99,919
190,103,919
190,256,906
190,298,906
190,299,906
190,300,906
190,301,906
190,302,906
190,303,906
190,304,906
190,305,906
190,306,906
191,94,919
191,104,919
191,298,906
191,299,906
191,300,906
191,301,906
191,302,906
191,303,906
191,304,906
191,503,505
192,103,919
192,300,906
192,302,906
192,303,906
192,304,906
192,305,906
193,91,919
193,95,919
193,98,919
193,255,906
193,303,906
193,304,906
193,305,906
194,91,919
194,250,1381
194,298,906
194,304,906
195,89,919
195,91,919
195,93,919
195,96,919
195,97,919
195,101,919
195,102,919
195,298,906
195,303,906
195,304,906
195,613,1374
196,84,919
196,91,919
196,92,919
196,95,919
196,101,919
196,298,906
196,300,906
196,301,906
196,302,906
196,303,906
197,80,919
197,89,919
197,92,919
197,97,919
197,291,906
197,296,906
197,298,906
198,90,919
198,92,919
198,93,919
198,94,919
198,303,906
198,322,906
199,88,919
199,90,919
199,91,919
199,92,919
199,94,919
199,99,919
200,90,919
200,91,919
200,94,919
200,95,919
200,130,919
200,312,906
201,87,919
201,95,919
202,91,919
202,92,919
202,93,919
202,238,1381
203,90,919
203,91,919
203,92,919
203,93,919
203,295,906
204,89,919
204,91,919
204,92,919
204,93,919
204,102,919
204,317,906
204,513,1374
205,89,919
205,90,919
205,91,919
205,93,919
205,94,919
205,95,919
205,101,919
205,102,919
205,236,1381
205,304,906
206,89,919
206,90,919
206,91,919
206,93,919
206,94,919
206,102,919
206,117,919
206,128,919
206,233,1381
206,248,1381
206,376,906
207,87,919
207,89,919
207,90,919
207,91,919
207,93,919
207,94,919
207,337,906
208,91,919
208,94,919
208,242,1381
208,248,1381
208,298,906
208,348,906
209,89,919
209,247,1381
209,248,1381
209,249,1381
209,273,1381
209,349,906
210,88,919
210,89,919
210,238,1381
210,272,1381
211,108,919
211,237,1381
211,348,906
212,88,919
212,89,919
212,239,1381
213,88,919
213,89,919
213,90,919
213,239,1381
213,243,1381
214,87,919
214,88,919
214,89,919
214,90,919
215,88,919
215,349,906
216,349,906
217,348,906
217,349,906
218,245,1381
218,246,1381
218,247,1381
218,248,1381
218,249,1381
218,250,1381
218,370,906
219,91,919
219,246,1381
219,247,1381
219,248,1381
219,249,1381
219,250,1381
219,287,1381
219,350,906
220,92,919
220,249,1381
220,578,1374
221,242,1381
221,369,906
221,577,1374
221,578,1374
221,581,1374
222,96,919
222,241,1381
222,242,1381
222,275,1381
222,343,906
222,578,1374
222,580,1374
222,581,1374
223,241,1381
223,242,1381
223,339,906
223,340,906
223,344,906
223,580,1374
223,581,1374
224,120,919
224,336,906
224,338,906
224,339,906
224,340,906
224,344,906
224,345,906
224,581,1374
224,582,1374
225,93,919
225,337,906
225,338,906
225,339,906
225,581,1374
225,582,1374
226,90,919
226,344,906
226,581,1374
226,582,1374
227,296,1381
227,344,906
227,345,906
227,346,906
227,548,1374
227,581,1374
227,582,1374
228,91,919
228,343,906
228,579,1374
228,580,1374
228,581,1374
228,598,1374
228,599,1374
229,90,919
229,533,1374
229,540,1374
229,579,1374
230,97,919
230,286,1381
230,540,1374
231,316,906
231,543,1374
233,253,1381
233,419,906
234,539,1374
235,86,919
235,337,906
236,85,919
236,86,919
236,87,919
236,312,1381
236,584,1374
237,85,919
237,86,919
237,87,919
237,91,919
237,94,919
237,225,1381
237,255,1381
237,256,1381
237,258,1381
237,293,1381
237,294,1381
237,298,1381
238,83,919
238,86,919
238,256,1381
238,257,1381
238,258,1381
238,295,1381
239,85,919
239,256,1381
239,257,1381
239,259,1381
239,260,1381
239,297,1381
240,82,919
240,83,919
240,84,919
240,86,919
240,256,1381
240,257,1381
240,258,1381
240,259,1381
240,282,1381
240,296,1381
241,81,919
241,82,919
241,83,919
241,84,919
241,101,919
241,256,1381
241,257,1381
241,259,1381
241,260,1381
242,84,919
242,85,919
242,541,1374
243,79,919
243,228,1381
243,255,1381
243,533,1374
243,541,1374
244,80,919
244,84,919
244,382,906
244,383,906
245,77,919
245,80,919
245,81,919
245,83,919
245,227,1381
245,382,906
246,285,1381
246,381,906
247,79,919
247,81,919
247,101,919
247,233,1381
247,243,1381
247,248,1381
247,249,1381
247,250,1381
247,252,1381
248,78,919
248,79,919
248,82,919
248,264,1381
249,77,919
249,230,1381
249,231,1381
250,230,1381
250,288,1381
251,74,919
251,77,919
251,233,1381
252,89,919
253,83,919
253,233,1381
253,281,1381
253,590,1374
254,87,919
254,283,1381
255,88,919
255,231,1381
255,233,1381
257,85,919
257,86,919
257,263,1381
257,343,1381
257,344,1381
257,345,1381
258,277,1381
258,301,1381
259,342,1381
260,83,919
261,565,1374
261,567,1374
262,549,1374
262,566,1374
262,567,1374
262,585,1374
263,407,906
263,549,1374
263,566,1374
263,567,1374
264,267,1381
264,565,1374
264,566,1374
264,567,1374
265,283,1381
265,565,1374
265,566,1374
265,567,1374
265,568,1374
266,259,1381
266,260,1381
266,274,1381
266,275,1381
266,283,1381
266,567,1374
267,254,1381
267,276,1381
267,317,1381
267,318,1381
268,245,1381
268,246,1381
269,256,1381
269,274,1381
270,68,1726
270,266,1381
270,274,1381
271,66,1726
271,89,1726
271,93,1726
271,265,1381
273,87,1726
273,290,1381
273,546,1374
274,70,1726
275,71,1726
275,289,1381
275,290,1381
276,274,1381
276,277,1381
276,278,1381
276,281,1381
276,290,1381
276,291,1381
276,292,1381
276,554,1374
276,555,1374
276,556,1374
277,62,1726
277,63,1726
277,64,1726
277,81,1726
277,96,1726
277,272,1381
277,273,1381
277,274,1381
277,275,1381
277,276,1381
277,277,1381
277,290,1381
277,291,1381
277,292,1381
277,327,1381
277,328,1381
277,554,1374
277,555,1374
277,556,1374
277,557,1374
278,62,1726
278,63,1726
278,220,1381
278,274,1381
278,275,1381
278,276,1381
278,288,1381
278,289,1381
278,290,1381
278,291,1381
278,292,1381
278,293,1381
278,327,1381
278,328,1381
278,329,1381
278,552,1374
278,554,1374
278,555,1374
278,556,1374
279,274,1381
279,285,1381
279,287,1381
279,288,1381
279,289,1381
279,290,1381
279,291,1381
279,309,1381
279,327,1381
279,328,1381
279,329,1381
279,464,1374
279,554,1374
279,555,1374
279,556,1374
280,275,1381
280,283,1381
280,287,1381
280,290,1381
280,324,1381
280,327,1381
280,328,1381
280,329,1381
280,330,1381
280,331,1381
281,58,1726
281,69,1726
281,193,1381
281,223,1381
281,274,1381
281,289,1381
281,290,1381
281,327,1381
281,328,1381
281,329,1381
281,330,1381
281,554,1374
282,309,1381
282,329,1381
282,330,1381
283,222,1381
284,222,1381
284,276,1381
284,306,1381
284,328,1381
284,557,1374
284,559,1374
284,560,1374
285,340,1381
285,343,1381
286,340,1381
286,341,1381
286,342,1381
286,343,1381
286,344,1381
286,548,1374
286,549,1374
287,51,1726
287,102,1726
287,334,1381
287,343,1381
287,344,1381
287,548,1374
287,549,1374
287,558,1374
288,77,1726
288,344,1381
288,547,1374
288,548,1374
288,549,1374
289,308,1381
289,344,1381
289,345,1381
289,546,1374
290,544,1374
290,571,1374
292,56,1726
292,336,1381
292,342,1381
293,339,1381
293,344,1381
294,263,1381
294,316,1381
296,83,1726
296,87,1726
296,378,1938
297,75,1726
297,294,1381
298,191,1381
298,344,1381
299,67,1726
299,190,1381
300,122,1726
300,190,1381
300,300,1381
301,41,1726
301,42,1726
301,60,1726
302,115,1726
302,257,1381
302,571,1374
303,73,1726
303,124,1726
303,548,1374
304,51,1726
304,285,1381
304,304,1381
305,74,1726
305,558,1374
305,559,1374
306,39,1726
306,278,1381
306,559,1374
307,41,1726
307,112,1726
307,560,1374
308,558,1374
309,49,1726
309,290,1381
309,560,1374
310,546,1374
311,244,1381
311,285,1381
311,546,1374
312,159,2030
312,527,1374
312,544,1374
312,546,1374
312,547,1374
313,37,1726
313,86,1726
313,544,1374
313,545,1374
313,546,1374
314,37,1726
314,80,1726
315,35,1726
315,36,1726
315,48,1726
315,62,1726
315,109,1726
315,572,1374
316,35,1726
316,36,1726
316,61,1726
316,196,2030
317,42,1726
317,43,1726
317,62,1726
317,194,2030
317,348,1938
318,57,1726
318,60,1726
318,79,1726
318,182,2030
318,196,2030
318,210,2030
319,42,1726
319,62,1726
320,41,1726
320,48,1726
320,63,1726
320,70,1726
320,208,2030
320,246,1381
321,39,1726
321,48,1726
321,73,1726
321,84,1726
321,496,1374
322,258,1381
323,58,1726
323,259,1381
324,58,1726
324,258,1381
324,260,1381
325,39,1726
325,40,1726
325,236,1381
325,244,1381
326,39,1726
326,49,1726
326,233,1381
326,245,1381
326,247,1381
327,38,1726
327,39,1726
327,61,1726
328,22,1726
328,36,1726
328,48,1726
328,197,2030
328,250,1381
329,20,1726
329,22,1726
329,36,1726
329,37,1726
329,41,1726
329,81,1726
329,84,1726
329,86,1726
329,249,1381
329,250,1381
330,20,1726
330,22,1726
330,35,1726
330,36,1726
330,37,1726
330,56,1726
330,138,1726
330,250,1381
331,34,1726
331,35,1726
331,37,1726
331,79,1726
331,80,1726
331,81,1726
331,83,1726
331,308,1938
332,18,1726
332,37,1726
332,203,2030
333,36,1726
333,37,1726
333,39,1726
333,41,1726
333,54,1726
333,57,1726
333,78,1726
333,324,1938
334,36,1726
334,40,1726
334,42,1726
334,78,1726
334,82,1726
334,217,2030
334,310,1938
335,32,1726
335,33,1726
335,35,1726
335,36,1726
335,41,1726
335,77,1726
335,78,1726
335,79,1726
335,320,1938
336,19,1726
336,33,1726
336,34,1726
336,35,1726
336,36,1726
336,37,1726
336,41,1726
336,60,1726
336,76,1726
336,244,2030
336,245,2030
337,19,1726
337,20,1726
337,34,1726
337,35,1726
337,36,1726
337,63,1726
337,75,1726
337,76,1726
337,245,2030
337,246,2030
337,568,1374
338,19,1726
338,20,1726
338,35,1726
338,51,1726
338,61,1726
338,63,1726
338,76,1726
338,80,1726
338,245,2030
338,246,2030
339,20,1726
339,21,1726
339,34,1726
339,42,1726
339,43,1726
339,46,1726
339,47,1726
339,51,1726
339,52,1726
339,72,1726
339,245,2030
339,246,2030
340,20,1726
340,34,1726
340,75,1726
340,78,1726
340,346,1938
340,347,1938
340,348,1938
341,24,1726
341,33,1726
341,34,1726
341,45,1726
341,56,1726
341,57,1726
341,59,1726
341,346,1938
341,347,1938
342,45,1726
342,56,1726
342,59,1726
342,71,1726
342,77,1726
342,80,1726
343,553,2057
344,170,2030
344,209,2030
345,36,1726
345,229,2030
346,318,1938
348,33,1726
349,43,1726
349,50,1726
349,61,1726
349,188,2030
349,252,2030
350,63,1726
350,64,1726
350,252,2030
352,44,1726
352,102,1726
352,232,2030
352,238,2030
352,334,1938
352,338,1938
353,342,1938
354,343,1938
355,44,1726
356,47,1726
356,219,2030
356,220,2030
356,221,2030
356,555,2057
356,556,2057
356,559,2057
357,49,1726
357,51,1726
357,61,1726
357,64,1726
357,219,2030
357,319,1938
357,556,2057
357,557,2057
357,559,2057
358,51,1726
358,52,1726
358,64,1726
358,189,2030
358,190,2030
358,338,1938
358,347,1938
359,36,1726
359,190,2030
359,347,1938
360,48,1726
360,65,1726
360,190,2030
360,345,1938
360,346,1938
362,34,1726
362,35,1726
362,64,1726
362,191,2030
363,34,1726
367,27,1726
367,39,1726
368,27,1726
368,222,2030
368,231,2030
369,26,1726
369,32,1726
370,15,1726
370,31,1726
370,50,1726
370,268,2030
371,24,1726
371,55,1726
371,76,1726
371,306,1938
372,240,2030
372,241,2030
372,242,2030
372,246,2030
372,306,1938
373,13,1726
373,14,1726
373,17,1726
373,57,1726
373,242,2030
373,243,2030
374,12,1726
374,17,1726
374,241,2030
374,242,2030
374,243,2030
374,244,2030
374,246,2030
374,247,2030
374,304,1938
374,311,1938
374,312,1938
375,14,1726
375,15,1726
375,16,1726
375,18,1726
375,21,1726
375,22,1726
375,74,1726
375,240,2030
375,242,2030
375,243,2030
375,244,2030
376,17,1726
376,18,1726
376,21,1726
376,22,1726
376,73,1726
376,229,2030
376,240,2030
376,242,2030
376,243,2030
376,244,2030
376,245,2030
376,312,1938
376,317,1938
377,21,1726
377,22,1726
377,40,1726
377,73,1726
377,156,2030
377,242,2030
377,243,2030
377,244,2030
377,312,1938
378,21,1726
378,22,1726
378,312,1938
379,21,1726
379,24,1726
379,25,1726
379,32,1726
379,171,2030
379,340,1938
380,22,1726
380,23,1726
380,28,1726
380,46,1726
380,301,1938
380,317,1938
380,550,2057
381,206,2030
381,299,1938
381,320,1938
382,296,1938
382,297,1938
382,298,1938
382,319,1938
382,320,1938
382,321,1938
383,38,1726
383,270,2030
383,296,1938
383,297,1938
383,300,1938
383,320,1938
383,321,1938
383,323,1938
384,155,2030
384,245,2030
384,246,2030
384,248,2030
384,249,2030
384,320,1938
384,321,1938
384,322,1938
384,323,1938
385,185,2030
385,186,2030
385,187,2030
385,247,2030
385,248,2030
385,249,2030
385,250,2030
385,321,1938
386,60,1726
386,186,2030
386,187,2030
386,247,2030
386,248,2030
386,249,2030
386,275,1938
386,304,1938
386,305,1938
386,306,1938
387,179,2030
387,186,2030
387,248,2030
387,249,2030
387,303,1938
387,305,1938
387,306,1938
387,307,1938
388,181,2030
388,251,2030
388,303,1938
388,304,1938
388,305,1938
388,306,1938
389,162,2030
389,163,2030
389,178,2030
389,182,2030
389,183,2030
389,290,1938
389,291,1938
389,302,1938
389,303,1938
389,304,1938
389,305,1938
389,306,1938
390,162,2030
390,182,2030
390,290,1938
390,291,1938
390,301,1938
390,302,1938
390,303,1938
390,304,1938
390,305,1938
391,88,1726
391,301,1938
391,302,1938
391,303,1938
391,304,1938
391,305,1938
391,306,1938
392,161,2030
392,163,2030
392,280,1938
392,301,1938
392,302,1938
392,303,1938
392,304,1938
392,305,1938
393,161,2030
393,280,1938
393,281,1938
393,302,1938
393,303,1938
393,304,1938
393,305,1938
393,306,1938
394,269,2030
394,280,1938
394,282,1938
394,303,1938
394,304,1938
395,264,2030
395,265,2030
395,608,2057
396,292,1938
397,292,1938
397,293,1938
397,609,2057
398,293,1938
398,607,2057
399,225,2030
399,226,2030
399,229,2030
399,292,1938
399,607,2057
400,151,2030
400,212,2030
400,225,2030
400,226,2030
400,227,2030
400,606,2057
400,608,2057
400,610,2057
401,211,2030
401,225,2030
401,226,2030
401,227,2030
401,609,2057
401,611,2057
402,191,2030
402,225,2030
402,226,2030
402,227,2030
403,164,2030
403,225,2030
403,226,2030
403,253,2030
403,254,2030
403,603,2057
403,606,2057
404,180,2030
404,225,2030
404,226,2030
404,253,2030
404,254,2030
404,255,2030
405,162,2030
405,163,2030
405,225,2030
405,226,2030
405,253,2030
405,254,2030
405,255,2030
406,220,2030
406,224,2030
406,225,2030
406,255,2030
406,256,2030
406,523,2057
406,610,2057
407,224,2030
407,225,2030
407,254,2030
407,255,2030
407,256,2030
407,611,2057
407,612,2057
408,164,2030
408,215,2030
408,219,2030
408,224,2030
408,225,2030
408,255,2030
408,256,2030
408,613,2057
409,218,2030
409,222,2030
409,223,2030
409,224,2030
409,225,2030
409,256,2030
409,257,2030
410,215,2030
410,221,2030
410,222,2030
410,223,2030
410,224,2030
410,225,2030
410,255,2030
410,257,2030
411,221,2030
411,222,2030
411,223,2030
411,224,2030
411,225,2030
411,257,2030
412,220,2030
412,221,2030
412,222,2030
412,223,2030
412,226,2030
413,220,2030
413,221,2030
413,222,2030
413,223,2030
413,224,2030
413,225,2030
413,226,2030
413,227,2030
413,228,2030
413,257,2030
414,221,2030
414,222,2030
414,223,2030
414,225,2030
414,226,2030
414,227,2030
414,228,2030
414,230,2030
415,223,2030
415,224,2030
415,225,2030
415,227,2030
415,228,2030
415,229,2030
416,225,2030
416,226,2030
416,227,2030
416,229,2030
416,259,2030
419,213,2030
420,214,2030
422,216,2030
422,279,2030
423,279,2030
424,280,1938
427,236,2030
428,236,2030
428,237,2030
429,225,2030
429,235,2030
429,237,2030
429,239,2030
429,366,1938
429,369,1938
429,370,1938
430,235,2030
430,236,2030
430,237,2030
430,238,2030
430,239,2030
431,235,2030
431,236,2030
431,237,2030
431,238,2030
431,239,2030
431,240,2030
431,254,2030
431,371,1938
431,372,1938
431,373,1938
432,236,2030
432,237,2030
432,238,2030
432,239,2030
432,240,2030
432,372,1938
432,373,1938
432,374,1938
433,228,2030
433,234,2030
433,236,2030
433,237,2030
433,238,2030
433,239,2030
433,240,2030
433,252,2030
433,375,1938
434,234,2030
434,237,2030
434,238,2030
434,239,2030
434,240,2030
434,241,2030
434,280,2030
434,281,2030
434,371,1938
434,375,1938
434,596,2057
435,234,2030
435,281,2030
435,282,1938
435,373,1938
436,372,1938
436,373,1938
436,374,1938
436,599,2057
437,371,1938
437,372,1938
437,373,1938
437,374,1938
437,375,1938
438,239,2030
438,370,1938
438,371,1938
438,372,1938
438,373,1938
438,374,1938
438,375,1938
438,376,1938
439,371,1938
439,372,1938
439,373,1938
439,374,1938
439,375,1938
439,376,1938
439,603,2057
440,372,1938
440,373,1938
440,374,1938
440,375,1938
440,376,1938
440,598,2057
440,599,2057
440,604,2057
441,373,1938
441,599,2057
441,600,2057
441,604,2057
441,605,2057
