"y","x","cluster_id"
1,193,93
1,207,93
1,209,93
1,217,93
1,219,93
2,210,93
2,217,93
2,221,93
3,194,93
3,203,93
3,204,93
3,205,93
3,211,93
4,195,93
4,205,93
4,214,93
4,228,93
5,202,93
5,205,93
5,228,93
6,190,93
6,201,93
6,202,93
6,204,93
7,208,93
7,240,93
8,200,93
9,210,93
9,213,93
9,253,93
10,186,93
10,231,93
11,204,93
11,229,93
11,242,93
12,186,93
12,209,93
12,229,93
13,173,93
14,173,93
14,195,93
15,209,93
15,219,93
15,222,93
17,176,93
17,182,93
18,182,93
18,183,93
18,184,93
18,186,93
18,187,93
18,198,93
18,199,93
18,201,93
18,203,93
18,205,93
19,199,93
19,215,93
20,166,93
20,183,93
20,184,93
20,204,93
20,207,93
20,223,93
21,172,93
21,173,93
21,174,93
21,194,93
21,204,93
21,207,93
21,215,93
21,220,93
21,235,93
21,237,93
22,167,93
22,168,93
22,196,93
22,197,93
22,199,93
22,208,93
22,216,93
22,217,93
22,232,93
22,233,93
22,234,93
22,235,93
23,168,93
23,170,93
23,171,93
23,172,93
23,175,93
23,194,93
23,200,93
23,203,93
23,206,93
23,210,93
23,231,93
23,232,93
23,233,93
23,235,93
24,158,93
24,159,93
24,161,93
24,170,93
24,198,93
24,202,93
24,203,93
24,233,93
24,245,93
24,302,427
24,303,427
25,170,93
25,196,93
25,197,93
25,198,93
25,199,93
25,204,93
25,206,93
25,232,93
25,235,93
25,238,93
26,192,93
26,195,93
26,202,93
26,205,93
26,295,427
27,155,93
27,204,93
27,232,93
28,181,93
28,182,93
28,199,93
28,200,93
28,204,93
28,205,93
28,206,93
28,212,93
28,214,93
29,171,93
29,180,93
29,181,93
29,188,93
29,204,93
29,213,93
29,218,93
29,295,427
30,189,93
30,293,427
30,295,427
31,194,93
31,200,93
31,206,93
31,210,93
31,214,93
31,295,427
32,289,427
33,169,93
33,185,93
33,290,427
33,294,427
34,218,93
34,220,93
34,236,93
35,234,93
36,231,93
37,221,93
38,171,93
38,181,93
38,221,93
39,180,93
39,181,93
39,224,93
40,164,93
40,201,93
40,226,93
41,199,93
41,200,93
41,201,93
41,202,93
41,203,93
42,162,241
42,170,93
42,173,93
42,175,93
42,186,93
42,275,427
43,168,93
43,174,93
43,175,93
43,176,93
44,177,93
44,185,93
45,161,241
45,254,427
47,176,93
48,146,241
48,266,427
50,179,93
50,253,427
51,143,241
51,144,241
51,294,427
52,143,241
52,145,241
52,254,427
52,256,427
53,145,241
54,152,241
55,245,427
56,138,241
56,139,241
57,136,241
57,139,241
58,134,241
58,136,241
58,137,241
58,138,241
58,147,241
58,358,1166
59,134,241
59,136,241
59,140,241
59,141,241
59,147,241
59,357,1166
60,135,241
60,136,241
60,140,241
60,141,241
60,147,241
61,130,241
61,134,241
61,140,241
62,307,857
64,307,857
65,125,241
66,287,427
67,286,427
67,304,857
67,305,857
68,133,241
68,134,241
68,299,857
68,306,857
69,127,241
69,287,427
69,358,1166
70,123,241
70,128,241
70,248,427
70,288,427
70,361,1166
71,207,93
71,248,427
71,291,427
72,122,241
72,269,427
72,270,427
72,288,427
72,289,427
72,294,427
73,122,241
73,126,241
73,127,241
73,252,427
73,268,427
73,294,427
73,315,857
73,316,857
74,126,241
74,128,241
74,276,427
74,282,427
74,311,857
74,312,857
74,313,857
74,314,857
74,315,857
75,118,241
75,123,241
75,125,241
75,211,427
75,308,857
75,309,857
75,314,857
76,116,241
76,124,241
76,308,857
76,309,857
76,312,857
77,115,241
77,307,857
77,311,857
77,312,857
78,114,241
78,116,241
78,118,241
78,119,241
78,129,241
78,262,427
78,312,857
79,245,427
79,274,427
79,310,857
80,116,241
80,120,241
82,120,241
82,124,241
82,276,427
83,296,857
83,297,857
83,298,857
84,117,241
84,246,427
84,276,427
84,277,427
84,296,857
84,297,857
84,298,857
85,246,427
85,275,427
85,277,427
85,278,427
86,274,427
86,275,427
86,290,427
86,291,427
87,212,427
87,274,427
87,275,427
87,276,427
87,289,427
87,290,427
87,291,427
87,292,427
88,154,241
88,212,427
88,254,427
88,279,427
88,290,427
88,291,427
88,292,427
89,162,241
89,252,427
89,268,427
89,269,427
89,270,427
89,289,427
89,291,427
90,120,241
90,270,427
90,330,857
91,103,241
91,151,241
91,199,427
91,260,427
91,261,427
91,266,427
91,267,427
91,269,427
91,270,427
92,271,427
92,312,857
92,314,857
92,325,857
92,328,857
93,119,241
93,261,427
93,262,427
93,267,427
93,313,857
93,318,857
93,320,857
93,322,857
93,328,857
94,266,427
94,271,427
94,316,857
94,319,857
94,320,857
94,321,857
94,323,857
94,330,857
95,120,241
95,193,427
95,247,427
95,264,427
95,265,427
95,266,427
95,270,427
95,311,857
95,312,857
95,315,857
95,320,857
95,321,857
95,338,857
95,349,1166
96,235,427
96,246,427
96,256,427
96,257,427
96,258,427
96,259,427
96,260,427
96,263,427
96,264,427
96,265,427
96,266,427
96,267,427
96,268,427
96,269,427
96,270,427
96,310,857
96,316,857
96,317,857
96,318,857
96,319,857
96,329,857
96,337,857
96,343,857
96,344,857
96,353,1166
96,354,1166
97,236,427
97,254,427
97,255,427
97,256,427
97,257,427
97,258,427
97,259,427
97,260,427
97,261,427
97,262,427
97,263,427
97,266,427
97,267,427
97,268,427
97,269,427
97,270,427
97,312,857
97,316,857
97,320,857
97,321,857
97,337,857
97,340,857
97,344,857
97,345,857
97,346,1166
97,347,1166
97,348,1166
97,349,1166
97,350,1166
97,358,1166
97,359,1166
97,360,1166
98,157,241
98,245,427
98,266,427
98,267,427
98,268,427
98,269,427
98,270,427
98,271,427
98,313,857
98,314,857
98,315,857
98,316,857
98,320,857
98,321,857
98,324,857
98,325,857
98,339,857
98,340,857
98,341,857
98,342,857
98,343,857
98,344,857
98,345,857
98,346,1166
98,347,1166
98,350,1166
98,355,1166
98,356,1166
98,357,1166
98,359,1166
99,208,427
99,244,427
99,269,427
99,270,427
99,271,427
99,309,857
99,312,857
99,313,857
99,314,857
99,315,857
99,316,857
99,317,857
99,318,857
99,339,857
99,340,857
99,341,857
99,342,857
99,343,857
99,344,857
99,345,857
99,350,1166
99,353,1166
99,354,1166
99,355,1166
99,356,1166
100,242,427
100,243,427
100,244,427
100,273,427
100,300,857
100,305,857
100,308,857
100,310,857
100,311,857
100,312,857
100,313,857
100,314,857
100,315,857
100,316,857
100,317,857
100,320,857
100,323,857
100,339,857
100,340,857
100,341,857
100,344,857
100,347,1166
100,348,1166
100,349,1166
100,352,1166
100,353,1166
100,354,1166
100,355,1166
100,357,1166
100,370,1166
100,371,1166
101,187,2206
101,241,427
101,243,427
101,267,427
101,273,427
101,274,427
101,308,857
101,313,857
101,316,857
101,317,857
101,318,857
101,319,857
101,322,857
101,323,857
101,339,857
101,340,857
101,341,857
101,342,857
101,345,1166
101,346,1166
101,347,1166
101,348,1166
101,349,1166
101,350,1166
101,351,1166
101,352,1166
101,353,1166
101,354,1166
101,355,1166
101,369,1166
101,370,1166
101,371,1166
102,172,2206
102,211,427
102,241,427
102,247,427
102,248,427
102,249,427
102,255,427
102,264,427
102,265,427
102,273,427
102,299,857
102,300,857
102,308,857
102,313,857
102,314,857
102,315,857
102,316,857
102,318,857
102,319,857
102,322,857
102,339,857
102,340,857
102,341,857
102,345,1166
102,346,1166
102,347,1166
102,348,1166
102,349,1166
102,350,1166
102,351,1166
102,352,1166
102,353,1166
102,358,1166
102,369,1166
102,370,1166
102,371,1166
103,101,241
103,241,427
103,243,427
103,248,427
103,249,427
103,250,427
103,261,427
103,262,427
103,266,427
103,299,857
103,312,857
103,313,857
103,314,857
103,315,857
103,317,857
103,318,857
103,337,857
103,339,857
103,340,857
103,343,857
103,344,857
103,345,1166
103,346,1166
103,348,1166
103,349,1166
103,356,1166
103,357,1166
103,358,1166
103,359,1166
103,369,1166
103,370,1166
103,371,1166
104,99,241
104,238,427
104,248,427
104,249,427
104,250,427
104,273,427
104,312,857
104,313,857
104,314,857
104,315,857
104,316,857
104,318,857
104,341,857
104,348,1166
104,349,1166
104,357,1166
104,358,1166
105,190,2206
105,241,427
105,248,427
105,249,427
105,250,427
105,266,427
105,306,857
105,309,857
105,310,857
105,311,857
105,312,857
105,313,857
105,314,857
105,315,857
105,316,857
105,318,857
105,320,857
105,337,857
105,338,857
105,340,857
105,348,1166
105,349,1166
105,355,1166
105,358,1166
105,377,1166
106,232,427
106,240,427
106,248,427
106,249,427
106,250,427
106,306,857
106,307,857
106,308,857
106,309,857
106,310,857
106,311,857
106,312,857
106,313,857
106,314,857
106,315,857
106,316,857
106,317,857
106,332,857
106,334,857
106,335,857
106,336,857
106,339,857
106,342,857
106,347,1166
106,353,1166
106,379,1166
107,196,2206
107,232,427
107,233,427
107,240,427
107,241,427
107,247,427
107,248,427
107,249,427
107,261,427
107,264,427
107,306,857
107,307,857
107,308,857
107,309,857
107,310,857
107,311,857
107,312,857
107,313,857
107,314,857
107,315,857
107,316,857
107,318,857
107,331,857
107,332,857
107,333,857
107,334,857
107,339,857
107,341,857
107,346,1166
107,352,1166
107,358,1166
108,201,427
108,232,427
108,238,427
108,239,427
108,247,427
108,248,427
108,249,427
108,250,427
108,256,427
108,265,427
108,300,857
108,301,857
108,308,857
108,309,857
108,310,857
108,311,857
108,312,857
108,313,857
108,314,857
108,315,857
108,331,857
108,332,857
108,333,857
108,346,1166
108,350,1166
108,351,1166
108,353,1166
108,354,1166
108,355,1166
109,191,2206
109,205,427
109,215,427
109,232,427
109,235,427
109,248,427
109,249,427
109,262,427
109,265,427
109,303,857
109,304,857
109,310,857
109,311,857
109,312,857
109,314,857
109,317,857
109,331,857
109,344,1166
109,345,1166
109,346,1166
109,347,1166
109,348,1166
109,349,1166
109,350,1166
109,354,1166
109,355,1166
109,356,1166
109,357,1166
109,358,1166
109,359,1166
109,361,1166
109,363,1166
109,366,1166
109,376,1166
110,158,2206
110,235,427
110,248,427
110,249,427
110,265,427
110,268,427
110,304,857
110,305,857
110,307,857
110,309,857
110,310,857
110,311,857
110,312,857
110,313,857
110,314,857
110,315,857
110,317,857
110,328,857
110,329,857
110,330,857
110,331,857
110,342,857
110,343,1166
110,344,1166
110,346,1166
110,347,1166
110,348,1166
110,349,1166
110,354,1166
110,356,1166
110,357,1166
110,361,1166
110,365,1166
110,366,1166
110,369,1166
110,370,1166
110,374,1166
110,375,1166
110,377,1166
111,204,427
111,209,427
111,234,427
111,235,427
111,237,427
111,238,427
111,247,427
111,248,427
111,258,427
111,310,857
111,311,857
111,312,857
111,313,857
111,314,857
111,325,857
111,327,857
111,328,857
111,329,857
111,330,857
111,341,857
111,342,857
111,343,1166
111,344,1166
111,345,1166
111,346,1166
111,347,1166
111,348,1166
111,349,1166
111,356,1166
111,360,1166
111,361,1166
111,362,1166
111,363,1166
111,364,1166
111,366,1166
111,368,1166
111,369,1166
111,371,1166
111,372,1166
111,375,1166
111,377,1166
112,205,427
112,234,427
112,235,427
112,239,427
112,241,427
112,242,427
112,243,427
112,248,427
112,263,427
112,264,427
112,265,427
112,266,427
112,268,427
112,269,427
112,312,857
112,313,857
112,314,857
112,329,857
112,332,857
112,333,857
112,336,857
112,337,857
112,338,857
112,339,857
112,340,857
112,341,857
112,342,857
112,343,1166
112,344,1166
112,345,1166
112,346,1166
112,347,1166
112,348,1166
112,353,1166
112,354,1166
112,359,1166
112,360,1166
112,361,1166
112,362,1166
112,363,1166
112,364,1166
112,365,1166
112,366,1166
112,367,1166
112,369,1166
112,372,1166
112,379,1166
113,216,427
113,234,427
113,235,427
113,238,427
113,239,427
113,240,427
113,241,427
113,244,427
113,252,427
113,264,427
113,265,427
113,266,427
113,267,427
113,268,427
113,329,857
113,330,857
113,331,857
113,332,857
113,333,857
113,334,857
113,335,857
113,336,857
113,337,857
113,338,857
113,339,857
113,340,857
113,341,857
113,342,1166
113,343,1166
113,344,1166
113,345,1166
113,346,1166
113,347,1166
113,352,1166
113,355,1166
113,356,1166
113,360,1166
113,361,1166
113,362,1166
113,363,1166
113,365,1166
113,366,1166
113,367,1166
113,368,1166
113,369,1166
113,370,1166
113,371,1166
113,372,1166
113,373,1166
113,374,1166
113,378,1166
114,205,427
114,235,427
114,238,427
114,239,427
114,240,427
114,245,427
114,246,427
114,257,427
114,261,427
114,264,427
114,265,427
114,266,427
114,328,857
114,329,857
114,330,857
114,331,857
114,332,857
114,333,857
114,334,857
114,335,857
114,336,857
114,337,857
114,338,857
114,339,857
114,340,857
114,341,857
114,342,1166
114,343,1166
114,344,1166
114,345,1166
114,346,1166
114,353,1166
114,355,1166
114,360,1166
114,361,1166
114,362,1166
114,366,1166
114,368,1166
114,369,1166
114,370,1166
114,371,1166
114,372,1166
114,373,1166
114,374,1166
114,375,1166
114,377,1166
115,239,427
115,240,427
115,244,427
115,261,427
115,326,857
115,327,857
115,328,857
115,329,857
115,330,857
115,331,857
115,332,857
115,333,857
115,334,857
115,335,857
115,338,857
115,342,1166
115,343,1166
115,344,1166
115,345,1166
115,362,1166
115,363,1166
115,365,1166
115,366,1166
115,369,1166
115,370,1166
115,372,1166
115,374,1166
115,375,1166
115,377,1166
115,378,1166
115,379,1166
116,216,427
116,243,427
116,244,427
116,254,427
116,296,857
116,298,857
116,299,857
116,326,857
116,327,857
116,329,857
116,330,857
116,331,857
116,332,857
116,333,857
116,334,857
116,336,857
116,341,857
116,342,1166
116,343,1166
116,344,1166
116,345,1166
116,359,1166
116,360,1166
116,361,1166
116,362,1166
116,363,1166
116,369,1166
116,375,1166
116,376,1166
116,380,1166
116,382,1166
116,383,1166
117,217,427
117,294,2120
117,296,857
117,298,857
117,299,857
117,325,857
117,326,857
117,329,857
117,330,857
117,331,857
117,332,857
117,335,857
117,336,857
117,340,857
117,341,857
117,342,1166
117,343,1166
117,344,1166
117,345,1166
117,350,1166
117,353,1166
117,354,1166
117,355,1166
117,356,1166
117,357,1166
117,359,1166
117,360,1166
117,361,1166
117,362,1166
117,380,1166
118,152,2206
118,153,2206
118,203,2206
118,231,427
118,297,857
118,325,857
118,326,857
118,332,857
118,339,857
118,341,1166
118,342,1166
118,343,1166
118,344,1166
118,346,1166
118,353,1166
118,354,1166
118,355,1166
118,356,1166
118,359,1166
118,360,1166
118,361,1166
118,380,1166
119,195,2206
119,218,427
119,223,427
119,224,427
119,233,427
119,292,2120
119,293,2120
119,294,2120
119,296,2120
119,297,857
119,325,857
119,326,857
119,327,857
119,330,857
119,331,857
119,344,1166
119,345,1166
119,347,1166
119,348,1166
119,353,1166
119,355,1166
119,356,1166
119,357,1166
119,358,1166
119,359,1166
119,360,1166
119,361,1166
119,362,1166
119,373,1166
120,163,2206
120,165,2206
120,201,2206
120,202,2206
120,231,427
120,232,427
120,241,427
120,292,2120
120,296,2120
120,297,2120
120,317,857
120,324,857
120,330,857
120,332,857
120,337,857
120,338,857
120,342,1166
120,347,1166
120,352,1166
120,353,1166
120,354,1166
120,359,1166
120,370,1166
120,371,1166
121,159,2206
121,242,427
121,293,2120
121,294,2120
121,297,2120
121,298,2120
121,315,857
121,316,857
121,317,857
121,320,857
121,321,857
121,322,857
121,331,857
121,332,857
121,341,1166
121,342,1166
121,351,1166
121,352,1166
121,366,1166
121,367,1166
122,145,2206
122,182,2206
122,201,2206
122,235,427
122,237,427
122,240,427
122,292,2120
122,293,2120
122,299,2120
122,315,857
122,316,857
122,317,857
122,318,857
122,319,857
122,322,857
122,323,857
122,329,857
122,330,857
122,331,857
122,342,1166
122,351,1166
122,352,1166
122,353,1166
122,354,1166
122,365,1166
122,368,1166
122,381,1166
123,156,2206
123,188,2206
123,203,2206
123,291,2120
123,314,857
123,319,857
123,320,857
123,324,857
123,325,857
123,326,857
123,328,857
123,329,857
123,330,857
123,331,857
123,341,1166
123,342,1166
123,343,1166
123,345,1166
123,351,1166
123,352,1166
123,353,1166
123,354,1166
123,357,1166
123,364,1166
123,365,1166
123,380,1166
123,381,1166
123,382,1166
123,383,1166
124,165,2206
124,194,2206
124,290,2120
124,291,2120
124,292,2120
124,295,2120
124,314,857
124,328,857
124,338,857
124,339,857
124,340,1166
124,341,1166
124,342,1166
124,347,1166
124,351,1166
124,352,1166
124,353,1166
124,354,1166
124,355,1166
124,357,1166
124,365,1166
124,380,1166
124,381,1166
124,384,1166
125,62,2954
125,163,2206
125,291,2120
125,292,2120
125,293,2120
125,294,2120
125,303,2120
125,305,857
125,306,857
125,311,857
125,312,857
125,314,857
125,315,857
125,317,857
125,324,857
125,327,857
125,328,857
125,333,857
125,336,857
125,337,857
125,338,857
125,339,857
125,340,1166
125,341,1166
125,346,1166
125,348,1166
125,352,1166
125,353,1166
125,354,1166
125,361,1166
125,370,1166
125,380,1166
126,62,2954
126,184,2206
126,291,2120
126,292,2120
126,293,2120
126,294,2120
126,295,2120
126,296,2120
126,301,2120
126,302,2120
126,311,857
126,327,857
126,335,857
126,336,857
126,337,857
126,338,857
126,339,1166
126,340,1166
126,341,1166
126,342,1166
126,345,1166
126,347,1166
126,351,1166
126,352,1166
126,353,1166
126,359,1166
126,360,1166
126,361,1166
126,366,1166
126,368,1166
126,369,1166
126,370,1166
126,371,1166
126,377,1166
126,380,1166
126,383,1166
126,384,1166
127,63,2954
127,193,2206
127,204,2206
127,205,2206
127,293,2120
127,295,2120
127,296,2120
127,301,2120
127,309,857
127,310,857
127,311,857
127,316,857
127,329,857
127,332,857
127,333,857
127,334,857
127,335,857
127,336,857
127,337,857
127,339,1166
127,340,1166
127,344,1166
127,352,1166
127,357,1166
127,361,1166
127,362,1166
127,368,1166
127,369,1166
127,370,1166
127,371,1166
127,385,1166
128,70,2954
128,72,2954
128,181,2206
128,191,2206
128,194,2206
128,202,2206
128,293,2120
128,294,2120
128,295,2120
128,296,2120
128,297,2120
128,306,857
128,309,857
128,310,857
128,314,857
128,317,857
128,326,857
128,328,857
128,329,857
128,330,857
128,331,857
128,332,857
128,333,857
128,339,1166
128,343,1166
128,344,1166
128,345,1166
128,346,1166
128,348,1166
128,349,1166
128,350,1166
128,351,1166
128,352,1166
128,353,1166
128,356,1166
128,357,1166
128,365,1166
128,371,1166
128,381,1166
129,65,2954
129,70,2954
129,73,2954
129,85,2954
129,168,2206
129,181,2206
129,206,2206
129,289,2120
129,290,2120
129,292,2120
129,293,2120
129,294,2120
129,295,2120
129,296,2120
129,297,2120
129,298,2120
129,299,2120
129,300,2120
129,303,2120
129,305,2120
129,306,2120
129,307,857
129,308,857
129,316,857
129,317,857
129,318,857
129,320,857
129,328,857
129,329,857
129,342,1166
129,343,1166
129,345,1166
129,346,1166
129,347,1166
129,348,1166
129,349,1166
129,350,1166
129,351,1166
129,352,1166
129,356,1166
129,358,1166
129,359,1166
129,365,1166
129,366,1166
129,368,1166
129,371,1166
129,372,1166
129,373,1166
129,375,1166
129,376,1166
129,377,1166
129,380,1166
130,60,2954
130,64,2954
130,65,2954
130,70,2954
130,167,2206
130,285,2120
130,289,2120
130,290,2120
130,291,2120
130,292,2120
130,293,2120
130,294,2120
130,295,2120
130,296,2120
130,297,2120
130,300,2120
130,306,2120
130,307,2120
130,308,2120
130,317,857
130,320,857
130,327,857
130,328,857
130,346,1166
130,347,1166
130,349,1166
130,350,1166
130,351,1166
130,352,1166
130,358,1166
130,366,1166
130,367,1166
130,368,1166
130,369,1166
130,370,1166
130,373,1166
130,377,1166
130,381,1166
130,382,1166
131,57,2954
131,65,2954
131,166,2206
131,167,2206
131,168,2206
131,220,2590
131,283,2120
131,284,2120
131,285,2120
131,286,2120
131,287,2120
131,289,2120
131,290,2120
131,291,2120
131,292,2120
131,293,2120
131,294,2120
131,300,2120
131,301,2120
131,303,2120
131,304,2120
131,305,2120
131,306,2120
131,307,2120
131,317,857
131,320,857
131,326,857
131,327,857
131,328,857
131,343,1166
131,344,1166
131,345,1166
131,346,1166
131,353,1166
131,355,1166
131,358,1166
131,366,1166
131,367,1166
131,368,1166
131,372,1166
131,383,1166
131,384,1166
132,58,2954
132,64,2954
132,167,2206
132,168,2206
132,184,2206
132,218,2590
132,284,2120
132,285,2120
132,286,2120
132,287,2120
132,288,2120
132,289,2120
132,290,2120
132,291,2120
132,293,2120
132,300,2120
132,301,2120
132,302,2120
132,303,2120
132,305,2120
132,306,2120
132,308,2120
132,320,857
132,326,857
132,327,857
132,343,1166
132,344,1166
132,355,1166
132,358,1166
132,359,1166
132,365,1166
132,366,1166
132,367,1166
132,368,1166
132,369,1166
132,370,1166
132,371,1166
132,372,1166
132,383,1166
133,73,2954
133,163,2206
133,164,2206
133,181,2206
133,183,2206
133,184,2206
133,214,2590
133,281,2120
133,282,2120
133,283,2120
133,285,2120
133,286,2120
133,287,2120
133,288,2120
133,289,2120
133,291,2120
133,300,2120
133,301,2120
133,302,2120
133,320,857
133,321,857
133,322,857
133,324,857
133,325,857
133,327,857
133,340,1166
133,341,1166
133,348,1166
133,354,1166
133,355,1166
133,356,1166
133,358,1166
133,359,1166
133,365,1166
133,366,1166
133,369,1166
133,376,1166
133,380,1166
133,382,1166
134,57,2954
134,102,2954
134,167,2206
134,169,2206
134,170,2206
134,171,2206
134,176,2206
134,279,2120
134,282,2120
134,285,2120
134,286,2120
134,287,2120
134,288,2120
134,289,2120
134,290,2120
134,302,2120
134,320,857
134,321,857
134,322,857
134,323,857
134,326,857
134,327,857
134,329,857
134,333,857
134,337,1166
134,338,1166
134,339,1166
134,340,1166
134,341,1166
134,342,1166
134,346,1166
134,353,1166
134,354,1166
134,355,1166
134,356,1166
134,357,1166
134,358,1166
134,365,1166
134,366,1166
134,367,1166
134,369,1166
134,379,1166
134,380,1166
135,55,2954
135,57,2954
135,58,2954
135,60,2954
135,61,2954
135,166,2206
135,167,2206
135,169,2206
135,170,2206
135,176,2206
135,182,2206
135,240,2590
135,245,2590
135,247,2590
135,281,2120
135,282,2120
135,284,2120
135,285,2120
135,288,2120
135,289,2120
135,290,2120
135,292,2120
135,293,2120
135,321,857
135,322,857
135,327,857
135,328,857
135,332,857
135,337,1166
135,339,1166
135,340,1166
135,341,1166
135,343,1166
135,347,1166
135,352,1166
135,353,1166
135,354,1166
135,355,1166
135,356,1166
135,359,1166
135,360,1166
135,363,1166
135,364,1166
135,365,1166
135,366,1166
135,367,1166
135,368,1166
136,52,2954
136,56,2954
136,57,2954
136,59,2954
136,61,2954
136,107,2954
136,108,2954
136,109,2206
136,190,2206
136,192,2206
136,221,2590
136,246,2590
136,248,2590
136,251,2590
136,276,2120
136,277,2120
136,279,2120
136,283,2120
136,284,2120
136,289,2120
136,290,2120
136,295,2120
136,296,2120
136,298,2120
136,336,857
136,342,1166
136,355,1166
136,359,1166
136,360,1166
136,363,1166
136,364,1166
136,365,1166
136,366,1166
136,367,1166
137,51,2954
137,64,2954
137,107,2954
137,108,2954
137,109,2206
137,110,2206
137,184,2206
137,215,2590
137,216,2590
137,217,2590
137,245,2590
137,247,2590
137,252,2590
137,281,2120
137,283,2120
137,285,2120
137,290,2120
137,291,2120
137,292,2120
137,294,2120
137,295,2120
137,296,2120
137,297,2120
137,298,2120
137,329,857
137,330,857
137,335,857
137,336,857
137,339,1166
137,359,1166
137,360,1166
137,361,1166
137,362,1166
137,377,1166
137,379,1166
138,52,2954
138,63,2954
138,146,2206
138,147,2206
138,148,2206
138,149,2206
138,210,2590
138,214,2590
138,252,2590
138,256,2590
138,276,2120
138,280,2120
138,281,2120
138,283,2120
138,284,2120
138,286,2120
138,287,2120
138,288,2120
138,289,2120
138,290,2120
138,291,2120
138,293,2120
138,294,2120
138,295,2120
138,296,2120
138,297,2120
138,298,2120
138,322,857
138,330,857
138,334,857
138,335,857
138,360,1166
138,361,1166
138,379,1166
139,52,2954
139,58,2954
139,61,2954
139,104,2954
139,109,2954
139,110,2206
139,144,2206
139,145,2206
139,146,2206
139,147,2206
139,148,2206
139,149,2206
139,194,2206
139,214,2590
139,223,2590
139,252,2590
139,253,2590
139,254,2590
139,255,2590
139,256,2590
139,257,2590
139,276,2120
139,279,2120
139,280,2120
139,281,2120
139,282,2120
139,283,2120
139,288,2120
139,290,2120
139,293,2120
139,294,2120
139,295,2120
139,296,2120
139,297,2120
139,298,2120
139,299,2120
139,331,857
139,334,857
139,335,2880
139,342,1166
139,356,1166
139,359,1166
139,360,1166
140,52,2954
140,66,2954
140,145,2206
140,146,2206
140,197,2206
140,198,2206
140,214,2590
140,254,2590
140,261,2590
140,262,2590
140,263,2590
140,264,2590
140,269,2120
140,270,2120
140,276,2120
140,277,2120
140,278,2120
140,279,2120
140,280,2120
140,281,2120
140,283,2120
140,284,2120
140,285,2120
140,290,2120
140,295,2120
140,297,2120
140,298,2120
140,299,2120
140,300,2120
140,323,857
140,331,857
140,332,2880
140,333,2880
140,334,2880
140,355,1166
140,371,1166
141,51,2954
141,52,2954
141,58,2954
141,62,2954
141,145,2206
141,225,2590
141,226,2590
141,260,2590
141,261,2590
141,263,2590
141,265,2590
141,267,2120
141,270,2120
141,272,2120
141,275,2120
141,277,2120
141,278,2120
141,279,2120
141,281,2120
141,290,2120
141,298,2120
141,299,2120
141,300,2120
141,301,2120
141,325,857
141,332,2880
141,333,2880
141,354,2880
141,355,1166
141,378,1166
142,49,2954
142,123,2206
142,126,2206
142,145,2206
142,218,2590
142,231,2590
142,232,2590
142,234,2590
142,262,2590
142,264,2590
142,265,2590
142,266,2120
142,267,2120
142,268,2120
142,269,2120
142,271,2120
142,278,2120
142,279,2120
142,280,2120
142,284,2120
142,292,2120
142,299,2120
142,300,2120
142,301,2120
142,333,2880
143,68,2954
143,69,2954
143,124,2206
143,125,2206
143,133,2206
143,141,2206
143,145,2206
143,210,2590
143,231,2590
143,232,2590
143,233,2590
143,256,2590
143,263,2590
143,265,2590
143,268,2120
143,269,2120
143,270,2120
143,277,2120
143,279,2120
143,280,2120
143,281,2120
143,291,2120
143,292,2120
143,293,2120
143,299,2120
143,300,2120
143,324,857
143,327,2880
143,328,2880
143,329,2880
143,372,1166
143,374,1166
144,64,2954
144,134,2206
144,135,2206
144,142,2206
144,144,2206
144,259,2590
144,261,2590
144,263,2590
144,265,2590
144,268,2120
144,269,2120
144,278,2120
144,279,2120
144,280,2120
144,299,2120
144,301,2120
144,302,2120
144,324,2880
144,327,2880
144,328,2880
144,330,2880
144,355,2880
144,356,2880
144,367,2880
144,377,1166
145,134,2206
145,135,2206
145,136,2206
145,145,2206
145,218,2590
145,243,2590
145,250,2590
145,251,2590
145,257,2590
145,259,2590
145,260,2590
145,261,2590
145,262,2590
145,263,2590
145,265,2590
145,266,2590
145,267,2120
145,268,2120
145,269,2120
145,273,2120
145,279,2120
145,282,2120
145,301,2120
145,302,2120
145,372,2880
145,379,2880
146,51,2954
146,55,2954
146,134,2206
146,135,2206
146,136,2206
146,137,2206
146,138,2206
146,139,2206
146,142,2206
146,143,2206
146,144,2206
146,244,2590
146,251,2590
146,252,2590
146,253,2590
146,254,2590
146,257,2590
146,260,2590
146,263,2590
146,264,2590
146,265,2590
146,268,2120
146,269,2120
146,270,2120
146,271,2120
146,272,2120
146,282,2120
146,283,2120
146,289,2120
146,291,2120
146,301,2120
146,306,2120
146,318,2120
146,336,2880
146,363,2880
146,364,2880
146,374,2880
147,55,2954
147,134,2206
147,135,2206
147,137,2206
147,138,2206
147,139,2206
147,140,2206
147,141,2206
147,142,2206
147,144,2206
147,253,2590
147,256,2590
147,257,2590
147,258,2590
147,259,2590
147,263,2590
147,264,2590
147,265,2590
147,268,2120
147,269,2120
147,270,2120
147,271,2120
147,272,2120
147,278,2120
147,282,2120
147,283,2120
147,288,2120
147,289,2120
147,301,2120
147,302,2120
147,303,2120
147,306,2120
147,321,2120
147,325,2880
147,326,2880
147,327,2880
147,341,2880
147,349,2880
147,350,2880
147,351,2880
147,353,2880
147,354,2880
147,358,2880
147,359,2880
147,362,2880
147,363,2880
147,364,2880
148,67,2954
148,68,2954
148,134,2206
148,135,2206
148,136,2206
148,139,2206
148,140,2206
148,141,2206
148,145,2206
148,170,2206
148,181,2206
148,251,2590
148,252,2590
148,256,2590
148,258,2590
148,259,2590
148,260,2590
148,261,2590
148,268,2120
148,277,2120
148,301,2120
148,306,2120
148,327,2880
148,351,2880
148,358,2880
148,359,2880
148,362,2880
148,363,2880
149,52,2954
149,134,2206
149,145,2206
149,153,2206
149,170,2206
149,243,2590
149,247,2590
149,248,2590
149,249,2590
149,250,2590
149,252,2590
149,257,2590
149,258,2590
149,260,2590
149,261,2590
149,264,2590
149,265,2590
149,266,2590
149,267,2590
149,268,2120
149,269,2120
149,276,2120
149,302,2120
149,306,2120
149,317,2120
149,324,2880
149,349,2880
149,357,2880
149,358,2880
149,359,2880
149,360,2880
149,361,2880
149,371,2880
150,42,2954
150,133,2206
150,134,2206
150,149,2206
150,159,2206
150,160,2206
150,242,2590
150,247,2590
150,248,2590
150,250,2590
150,251,2590
150,252,2590
150,253,2590
150,255,2590
150,256,2590
150,257,2590
150,259,2590
150,263,2590
150,264,2590
150,265,2590
150,266,2590
150,267,2590
150,269,2120
150,272,2120
150,273,2120
150,274,2120
150,277,2120
150,278,2120
150,280,2120
150,318,2120
150,319,2120
150,322,2880
150,325,2880
150,340,2880
150,341,2880
150,342,2880
150,356,2880
150,358,2880
150,360,2880
150,366,2880
150,373,2880
150,374,2880
151,46,2954
151,51,2954
151,54,2954
151,133,2206
151,157,2206
151,159,2206
151,230,2590
151,231,2590
151,237,2590
151,241,2590
151,244,2590
151,245,2590
151,252,2590
151,253,2590
151,255,2590
151,256,2590
151,257,2590
151,262,2590
151,263,2590
151,264,2590
151,274,2120
151,275,2120
151,277,2120
151,278,2120
151,279,2120
151,280,2120
151,283,2120
151,303,2120
151,330,2880
151,331,2880
151,341,2880
151,354,2880
151,355,2880
151,359,2880
151,365,2880
151,370,2880
152,40,2954
152,46,2954
152,50,2954
152,147,2206
152,157,2206
152,158,2206
152,159,2206
152,160,2206
152,161,2206
152,164,2206
152,165,2206
152,166,2206
152,167,2206
152,221,2590
152,224,2590
152,227,2590
152,228,2590
152,229,2590
152,230,2590
152,231,2590
152,245,2590
152,276,2120
152,279,2120
152,282,2120
152,328,2880
152,329,2880
152,350,2880
152,355,2880
152,356,2880
152,357,2880
152,364,2880
152,365,2880
152,368,2880
153,41,2954
153,42,2954
153,43,2954
153,45,2954
153,46,2954
153,58,2954
153,149,2206
153,156,2206
153,157,2206
153,158,2206
153,159,2206
153,160,2206
153,161,2206
153,162,2206
153,163,2206
153,164,2206
153,224,2590
153,228,2590
153,229,2590
153,230,2590
153,247,2590
153,248,2590
153,278,2120
153,279,2120
153,280,2120
153,281,2120
153,283,2120
153,284,2120
153,294,2120
153,334,2880
153,349,2880
153,350,2880
153,351,2880
153,352,2880
153,356,2880
153,361,2880
153,362,2880
153,363,2880
153,366,2880
153,367,2880
153,372,2880
154,45,2954
154,59,2954
154,60,2954
154,149,2206
154,150,2206
154,156,2206
154,157,2206
154,158,2206
154,159,2206
154,160,2206
154,161,2206
154,162,2206
154,163,2206
154,164,2206
154,165,2206
154,166,2206
154,167,2206
154,168,2206
154,234,2590
154,236,2590
154,241,2590
154,249,2590
154,250,2590
154,258,2590
154,269,2590
154,270,2120
154,273,2120
154,279,2120
154,282,2120
154,283,2120
154,284,2120
154,294,2120
154,334,2880
154,347,2880
154,349,2880
154,350,2880
154,351,2880
154,352,2880
154,361,2880
154,362,2880
154,363,2880
154,364,2880
154,365,2880
154,366,2880
154,367,2880
155,42,2954
155,43,2954
155,44,2954
155,46,2954
155,61,2954
155,156,2206
155,157,2206
155,158,2206
155,159,2206
155,160,2206
155,161,2206
155,162,2206
155,163,2206
155,164,2206
155,165,2206
155,178,2206
155,228,2590
155,236,2590
155,237,2590
155,245,2590
155,250,2590
155,251,2590
155,252,2590
155,255,2590
155,257,2590
155,258,2590
155,259,2590
155,270,2590
155,274,2120
155,275,2120
155,276,2120
155,277,2120
155,279,2120
155,283,2120
155,314,2120
155,343,2880
155,348,2880
155,350,2880
155,351,2880
155,360,2880
155,362,2880
155,363,2880
155,365,2880
155,366,2880
156,59,2954
156,60,2954
156,61,2954
156,97,2954
156,156,2206
156,159,2206
156,160,2206
156,199,2206
156,236,2590
156,237,2590
156,238,2590
156,257,2590
156,258,2590
156,259,2590
156,269,2590
156,276,2120
156,278,2120
156,287,2120
156,292,2120
156,295,2120
156,308,2120
156,341,2880
156,347,2880
156,363,2880
156,378,2880
157,45,2954
157,58,2954
157,59,2954
157,137,2206
157,155,2206
157,156,2206
157,202,3911
157,221,2590
157,259,2590
157,273,2120
157,279,2120
157,293,2120
157,294,2120
157,295,2120
157,296,2120
157,297,2120
157,299,2120
157,312,2120
157,313,2120
157,345,2880
157,346,2880
157,347,2880
157,348,2880
157,351,2880
157,362,2880
157,377,2880
158,154,2206
158,155,2206
158,163,2206
158,212,2590
158,264,2590
158,265,2590
158,274,2120
158,275,2120
158,276,2120
158,277,2120
158,278,2120
158,283,2120
158,284,2120
158,285,2120
158,289,2120
158,295,2120
158,298,2120
158,305,2120
158,313,2120
158,345,2880
158,346,2880
158,349,2880
158,376,2880
159,58,2954
159,66,2954
159,130,2206
159,152,2206
159,163,2206
159,164,2206
159,234,2590
159,235,2590
159,237,2590
159,238,2590
159,245,2590
159,246,2590
159,248,2590
159,251,2590
159,254,2590
159,255,2590
159,257,2590
159,258,2590
159,264,2590
159,266,2590
159,267,2590
159,268,2590
159,269,2590
159,272,2120
159,274,2120
159,275,2120
159,277,2120
159,278,2120
159,279,2120
159,280,2120
159,286,2120
159,287,2120
159,288,2120
159,289,2120
159,290,2120
159,293,2120
159,295,2120
159,300,2120
159,315,2120
159,336,2880
159,337,2880
159,342,2880
159,343,2880
159,344,2880
159,345,2880
160,58,2954
160,59,2954
160,66,2954
160,74,2954
160,151,2206
160,152,2206
160,153,2206
160,154,2206
160,155,2206
160,162,2206
160,163,2206
160,165,2206
160,166,2206
160,167,2206
160,230,2590
160,231,2590
160,232,2590
160,233,2590
160,234,2590
160,235,2590
160,236,2590
160,237,2590
160,238,2590
160,239,2590
160,245,2590
160,246,2590
160,247,2590
160,248,2590
160,249,2590
160,250,2590
160,251,2590
160,252,2590
160,253,2590
160,254,2590
160,255,2590
160,256,2590
160,257,2590
160,258,2590
160,259,2590
160,260,2590
160,261,2590
160,262,2590
160,263,2590
160,264,2590
160,266,2590
160,267,2590
160,268,2590
160,269,2590
160,270,2590
160,271,2590
160,272,2120
160,273,2120
160,274,2120
160,275,2120
160,281,2120
160,287,2120
160,288,2120
160,289,2120
160,290,2120
160,291,2120
160,292,2120
160,293,2120
160,332,2880
160,342,2880
160,345,2880
160,371,2880
161,58,2954
161,59,2954
161,60,2954
161,61,2954
161,151,2206
161,153,2206
161,154,2206
161,155,2206
161,161,2206
161,162,2206
161,163,2206
161,166,2206
161,167,2206
161,168,2206
161,202,3911
161,224,2590
161,229,2590
161,230,2590
161,231,2590
161,232,2590
161,233,2590
161,236,2590
161,237,2590
161,238,2590
161,239,2590
161,240,2590
161,241,2590
161,242,2590
161,246,2590
161,247,2590
161,248,2590
161,249,2590
161,250,2590
161,251,2590
161,252,2590
161,253,2590
161,254,2590
161,255,2590
161,256,2590
161,257,2590
161,258,2590
161,259,2590
161,260,2590
161,261,2590
161,262,2590
161,263,2590
161,264,2590
161,265,2590
161,266,2590
161,267,2590
161,268,2590
161,269,2590
161,270,2590
161,271,2590
161,274,2120
161,281,2120
161,284,2120
161,286,2120
161,287,2120
161,288,2120
161,289,2120
161,291,2120
161,292,2120
161,302,2120
161,309,2120
161,311,2120
161,312,2120
161,314,2120
161,327,2880
161,331,2880
161,333,2880
161,334,2880
161,335,2880
161,336,2880
161,340,2880
161,343,2880
161,344,2880
161,348,2880
161,349,2880
161,357,2880
161,358,2880
161,359,2880
161,366,2880
161,367,2880
161,368,2880
161,374,2880
162,58,2954
162,59,2954
162,60,2954
162,65,2954
162,151,2206
162,153,2206
162,154,2206
162,158,2206
162,162,2206
162,163,2206
162,165,2206
162,166,2206
162,167,2206
162,168,2206
162,169,2206
162,170,2206
162,202,3911
162,231,2590
162,232,2590
162,234,2590
162,235,2590
162,236,2590
162,237,2590
162,238,2590
162,239,2590
162,241,2590
162,249,2590
162,250,2590
162,251,2590
162,252,2590
162,253,2590
162,254,2590
162,255,2590
162,256,2590
162,257,2590
162,258,2590
162,259,2590
162,260,2590
162,261,2590
162,262,2590
162,263,2590
162,264,2590
162,265,2590
162,266,2590
162,267,2590
162,268,2590
162,269,2590
162,274,2120
162,275,2120
162,277,2120
162,280,2120
162,285,2120
162,286,2120
162,287,2120
162,288,2120
162,289,2120
162,290,2120
162,291,2120
162,293,2120
162,294,2120
162,296,2120
162,310,2120
162,318,2120
162,321,2880
162,322,2880
162,333,2880
162,335,2880
162,336,2880
162,337,2880
162,338,2880
162,339,2880
162,340,2880
162,345,2880
162,346,2880
162,348,2880
162,352,2880
162,354,2880
162,357,2880
162,358,2880
162,359,2880
162,367,2880
162,369,2880
162,371,2880
162,373,2880
162,375,2880
163,58,2954
163,60,2954
163,65,2954
163,68,2954
163,72,2954
163,89,2954
163,154,2206
163,157,2206
163,163,2206
163,164,2206
163,165,2206
163,166,2206
163,167,2206
163,168,2206
163,170,2206
163,173,2206
163,201,3911
163,204,3911
163,221,2590
163,222,2590
163,225,2590
163,226,2590
163,231,2590
163,233,2590
163,234,2590
163,235,2590
163,236,2590
163,237,2590
163,239,2590
163,251,2590
163,252,2590
163,253,2590
163,254,2590
163,255,2590
163,256,2590
163,257,2590
163,258,2590
163,260,2590
163,261,2590
163,262,2590
163,263,2590
163,264,2590
163,265,2590
163,266,2590
163,267,2590
163,268,2590
163,269,2590
163,273,2120
163,275,2120
163,277,2120
163,278,2120
163,279,2120
163,280,2120
163,281,2120
163,282,2120
163,283,2120
163,284,2120
163,285,2120
163,286,2120
163,287,2120
163,288,2120
163,289,2120
163,290,2120
163,291,2120
163,292,2120
163,293,2120
163,294,2120
163,295,2120
163,296,2120
163,300,2120
163,302,2120
163,321,2880
163,322,2880
163,332,2880
163,335,2880
163,336,2880
163,337,2880
163,338,2880
163,339,2880
163,341,2880
163,347,2880
163,348,2880
163,351,2880
163,356,2880
163,358,2880
163,368,2880
163,369,2880
163,370,2880
163,371,2880
163,374,2880
164,67,2954
164,163,2206
164,164,2206
164,165,2206
164,168,2206
164,169,2206
164,170,2206
164,226,2590
164,227,2590
164,230,2590
164,237,2590
164,238,2590
164,252,2590
164,255,2590
164,256,2590
164,257,2590
164,258,2590
164,259,2590
164,260,2590
164,261,2590
164,262,2590
164,263,2590
164,265,2590
164,273,2120
164,274,2120
164,275,2120
164,276,2120
164,277,2120
164,278,2120
164,279,2120
164,280,2120
164,281,2120
164,282,2120
164,283,2120
164,284,2120
164,285,2120
164,286,2120
164,287,2120
164,289,2120
164,290,2120
164,292,2120
164,293,2120
164,294,2120
164,295,2120
164,296,2120
164,297,2120
164,301,2120
164,303,2120
164,327,2880
164,333,2880
164,336,2880
164,338,2880
164,339,2880
164,341,2880
164,342,2880
164,349,2880
164,350,2880
164,356,2880
164,358,2880
164,364,2880
164,366,2880
164,369,2880
164,370,2880
164,371,2880
164,372,2880
164,374,2880
165,64,2954
165,163,2206
165,165,2206
165,166,2206
165,167,2206
165,171,2206
165,172,2206
165,228,2590
165,235,2590
165,238,2590
165,239,2590
165,253,2590
165,255,2590
165,256,2590
165,257,2590
165,258,2590
165,259,2590
165,260,2590
165,274,2120
165,275,2120
165,276,2120
165,277,2120
165,278,2120
165,279,2120
165,280,2120
165,281,2120
165,282,2120
165,283,2120
165,284,2120
165,285,2120
165,286,2120
165,287,2120
165,288,2120
165,289,2120
165,290,2120
165,291,2120
165,292,2120
165,293,2120
165,294,2120
165,295,2120
165,296,2120
165,297,2120
165,298,2120
165,304,2120
165,323,2880
165,351,2880
165,357,2880
165,358,2880
165,368,2880
165,369,2880
165,370,2880
165,371,2880
165,372,2880
166,162,2206
166,168,2206
166,172,2206
166,173,2206
166,230,2590
166,237,2590
166,254,2590
166,257,2590
166,258,2590
166,259,2590
166,260,2590
166,274,2120
166,275,2120
166,276,2120
166,277,2120
166,278,2120
166,279,2120
166,280,2120
166,281,2120
166,282,2120
166,283,2120
166,284,2120
166,285,2120
166,286,2120
166,287,2120
166,288,2120
166,289,2120
166,290,2120
166,296,2120
166,297,2120
166,298,2120
166,299,2120
166,303,2120
166,304,2120
166,305,2120
166,306,2120
166,307,2120
166,308,2120
166,309,2120
166,310,2120
166,311,2120
166,318,2880
166,319,2880
166,325,2880
166,329,2880
166,331,2880
166,337,2880
166,352,2880
166,355,2880
166,358,2880
166,362,2880
166,368,2880
166,369,2880
166,371,2880
167,163,2206
167,167,2206
167,173,2206
167,241,2590
167,243,2590
167,252,2590
167,253,2590
167,254,2590
167,255,2590
167,256,2590
167,257,2590
167,258,2590
167,259,2590
167,260,2590
167,261,2590
167,278,2120
167,279,2120
167,280,2120
167,281,2120
167,282,2120
167,283,2120
167,284,2120
167,285,2120
167,286,2120
167,287,2120
167,288,2120
167,299,2120
167,300,2120
167,301,2120
167,302,2120
167,303,2120
167,304,2120
167,305,2120
167,306,2120
167,307,2120
167,308,2120
167,309,2120
167,310,2120
167,311,2120
167,315,2120
167,318,2880
167,319,2880
167,332,2880
167,333,2880
167,334,2880
167,335,2880
167,336,2880
167,341,2880
167,350,2880
167,352,2880
167,353,2880
167,355,2880
167,356,2880
167,361,2880
167,362,2880
167,370,2880
168,40,2954
168,106,2954
168,169,2206
168,173,2206
168,174,2206
168,182,3911
168,188,3911
168,189,3911
168,192,3911
168,214,3911
168,239,2590
168,241,2590
168,242,2590
168,251,2590
168,252,2590
168,253,2590
168,254,2590
168,255,2590
168,256,2590
168,257,2590
168,258,2590
168,259,2590
168,260,2590
168,278,2120
168,280,2120
168,281,2120
168,282,2120
168,283,2120
168,284,2120
168,285,2120
168,286,2120
168,287,2120
168,288,2120
168,302,2120
168,303,2120
168,304,2120
168,308,2120
168,309,2120
168,310,2120
168,318,2880
168,332,2880
168,333,2880
168,337,2880
168,342,2880
168,348,2880
168,350,2880
168,351,2880
168,352,2880
168,353,2880
168,361,2880
168,372,2880
168,375,2880
169,93,2954
169,156,2206
169,169,2206
169,173,2206
169,174,2206
169,175,2206
169,176,2206
169,177,2206
169,180,3911
169,185,3911
169,188,3911
169,189,3911
169,190,3911
169,192,3911
169,195,3911
169,240,2590
169,242,2590
169,243,2590
169,251,2590
169,252,2590
169,253,2590
169,254,2590
169,280,2120
169,282,2120
169,283,2120
169,284,2120
169,285,2120
169,286,2120
169,287,2120
169,288,2120
169,303,2120
169,310,2120
169,323,2880
169,330,2880
169,339,2880
169,340,2880
169,345,2880
169,347,2880
169,349,2880
169,357,2880
169,358,2880
169,370,2880
169,371,2880
169,372,2880
170,85,2954
170,93,2954
170,153,2206
170,174,2206
170,175,2206
170,176,2206
170,177,2206
170,186,3911
170,188,3911
170,189,3911
170,190,3911
170,191,3911
170,192,3911
170,249,2590
170,250,2590
170,251,2590
170,252,2590
170,253,2590
170,322,2880
170,324,2880
170,335,2880
170,340,2880
170,341,2880
170,342,2880
170,346,2880
170,347,2880
170,355,2880
170,358,2880
170,361,2880
170,368,2880
170,371,2880
171,85,2954
171,86,2954
171,124,4006
171,170,2206
171,171,2206
171,174,2206
171,175,2206
171,176,2206
171,179,3911
171,186,3911
171,188,3911
171,189,3911
171,190,3911
171,191,3911
171,192,3911
171,193,3911
171,245,2590
171,249,2590
171,250,2590
171,251,2590
171,252,2590
171,253,2590
171,254,2590
171,261,2590
171,262,2590
171,263,2590
171,313,2120
171,314,2120
171,315,2120
171,320,2880
171,337,2880
171,338,2880
171,339,2880
171,346,2880
171,347,2880
171,348,2880
171,349,2880
171,350,2880
171,352,2880
171,354,2880
171,355,2880
171,357,2880
171,358,2880
171,360,2880
171,361,2880
171,362,2880
171,366,2880
172,83,2954
172,89,2954
172,90,2954
172,92,2954
172,155,2206
172,157,2206
172,181,3911
172,182,3911
172,183,3911
172,184,3911
172,185,3911
172,189,3911
172,190,3911
172,191,3911
172,192,3911
172,193,3911
172,246,2590
172,247,2590
172,248,2590
172,249,2590
172,250,2590
172,251,2590
172,252,2590
172,253,2590
172,254,2590
172,255,2590
172,262,2590
172,263,2590
172,297,2120
172,300,2120
172,301,2120
172,306,2120
172,307,2120
172,310,2120
172,329,2880
172,336,2880
172,337,2880
172,338,2880
172,346,2880
172,347,2880
172,348,2880
172,349,2880
172,350,2880
172,360,2880
173,84,2954
173,85,2954
173,157,2206
173,172,2206
173,173,2206
173,176,3911
173,180,3911
173,181,3911
173,182,3911
173,183,3911
173,191,3911
173,192,3911
173,196,3911
173,204,3911
173,218,2590
173,248,2590
173,249,2590
173,251,2590
173,299,2120
173,315,2120
173,355,2880
173,360,2880
173,361,2880
173,362,2880
174,90,2954
174,91,2954
174,117,4006
174,124,4006
174,161,2206
174,174,3911
174,179,3911
174,180,3911
174,181,3911
174,182,3911
174,200,3911
174,211,3911
174,349,2880
174,359,2880
174,362,2880
175,84,2954
175,86,2954
175,89,2954
175,90,2954
175,91,2954
175,116,4006
175,157,2206
175,179,3911
175,180,3911
175,181,3911
175,182,3911
175,349,2880
175,366,2880
176,88,2954
176,90,2954
176,115,4006
176,159,2206
176,178,3911
176,179,3911
176,180,3911
176,181,3911
176,199,3911
176,215,3911
176,353,2880
176,354,2880
176,357,2880
177,57,2954
177,115,4006
177,175,3911
177,177,3911
177,179,3911
177,180,3911
177,214,3911
177,357,2880
177,365,2880
177,369,2880
177,373,2880
178,175,3911
178,176,3911
178,177,3911
178,178,3911
178,179,3911
178,197,3911
178,213,3911
178,220,2590
178,357,2880
179,64,2954
179,79,2954
179,104,4006
179,175,3911
179,176,3911
179,177,3911
179,178,3911
179,179,3911
179,213,3911
179,227,2590
179,233,2590
179,362,2880
180,79,2954
180,175,3911
180,176,3911
180,179,3911
180,196,3911
180,198,3911
180,200,3911
180,214,3911
180,238,2590
180,295,2120
180,363,2880
181,40,2954
181,79,2954
181,85,2954
181,87,2954
181,155,4006
181,196,3911
181,197,3911
181,200,3911
181,201,3911
181,233,2590
181,238,2590
181,239,2590
181,366,2880
182,40,2954
182,61,2954
182,74,2954
182,86,2954
182,152,4006
182,154,4006
182,155,4006
182,156,4006
182,171,3911
182,176,3911
182,195,3911
182,196,3911
182,201,3911
182,202,3911
182,225,2590
182,226,2590
182,227,2590
182,228,2590
182,232,2590
182,239,2590
182,358,2880
182,361,2880
182,362,2880
182,368,2880
183,84,2954
183,96,2954
183,153,4006
183,154,4006
183,155,4006
183,156,4006
183,176,3911
183,177,3911
183,178,3911
183,194,3911
183,195,3911
183,196,3911
183,202,3911
183,203,3911
183,228,2590
183,231,2590
183,239,2590
183,358,2880
183,359,2880
183,361,2880
183,365,2880
184,77,2954
184,80,2954
184,83,2954
184,151,4006
184,153,4006
184,155,4006
184,177,3911
184,178,3911
184,195,3911
184,196,3911
184,200,3911
184,201,3911
184,202,3911
184,203,3911
184,204,3911
184,228,2590
184,231,2590
184,274,2590
184,348,2880
184,359,2880
184,360,2880
184,362,2880
184,366,2880
185,94,2954
185,149,4006
185,153,4006
185,154,4006
185,155,4006
185,177,3911
185,178,3911
185,179,3911
185,180,3911
185,181,3911
185,200,3911
185,204,3911
185,205,3911
185,228,2590
185,267,2590
185,360,2880
185,365,2880
185,366,2880
186,104,4006
186,147,4006
186,148,4006
186,153,4006
186,154,4006
186,155,4006
186,176,3911
186,177,3911
186,178,3911
186,179,3911
186,180,3911
186,182,3911
186,190,3911
186,199,3911
186,202,3911
186,204,3911
186,205,3911
186,230,2590
186,242,2590
186,253,2590
186,254,2590
186,269,2590
186,300,4360
186,301,4360
186,360,2880
186,361,2880
186,365,2880
187,146,4006
187,147,4006
187,148,4006
187,154,4006
187,155,4006
187,171,3911
187,175,3911
187,176,3911
187,177,3911
187,178,3911
187,181,3911
187,182,3911
187,183,3911
187,184,3911
187,191,3911
187,192,3911
187,196,3911
187,197,3911
187,198,3911
187,201,3911
187,204,3911
187,205,3911
187,217,3911
187,230,2590
187,243,2590
187,294,4360
187,299,4360
187,300,4360
187,360,2880
187,363,2880
187,364,2880
187,366,2880
188,42,2954
188,71,2954
188,72,2954
188,132,4006
188,134,4006
188,148,4006
188,149,4006
188,151,4006
188,152,4006
188,153,4006
188,174,3911
188,175,3911
188,176,3911
188,177,3911
188,178,3911
188,179,3911
188,181,3911
188,182,3911
188,183,3911
188,184,3911
188,189,3911
188,190,3911
188,195,3911
188,196,3911
188,197,3911
188,198,3911
188,199,3911
188,203,3911
188,204,3911
188,206,3911
188,207,3911
188,262,2590
188,295,4360
188,299,4360
188,300,4360
188,333,2880
188,363,2880
188,364,2880
189,44,2954
189,59,2954
189,66,2954
189,67,2954
189,68,2954
189,71,2954
189,73,2954
189,117,4006
189,126,4006
189,127,4006
189,128,4006
189,129,4006
189,132,4006
189,133,4006
189,134,4006
189,135,4006
189,138,4006
189,150,4006
189,151,4006
189,152,4006
189,153,4006
189,176,3911
189,177,3911
189,178,3911
189,179,3911
189,182,3911
189,183,3911
189,184,3911
189,189,3911
189,190,3911
189,196,3911
189,197,3911
189,198,3911
189,199,3911
189,201,3911
189,202,3911
189,203,3911
189,204,3911
189,206,3911
189,245,2590
189,249,2590
189,251,2590
189,295,4360
189,296,4360
189,321,4360
189,325,4360
189,333,2880
189,360,2880
189,365,2880
190,43,2954
190,44,2954
190,46,2954
190,66,2954
190,67,2954
190,68,2954
190,119,4006
190,122,4006
190,125,4006
190,126,4006
190,127,4006
190,128,4006
190,129,4006
190,130,4006
190,132,4006
190,133,4006
190,134,4006
190,151,4006
190,152,4006
190,153,4006
190,175,3911
190,183,3911
190,184,3911
190,190,3911
190,195,3911
190,196,3911
190,199,3911
190,201,3911
190,202,3911
190,204,3911
190,205,3911
190,206,3911
190,208,3911
190,245,2590
190,246,2590
190,247,2590
190,249,2590
190,293,4360
190,294,4360
190,295,4360
190,296,4360
190,306,4360
190,307,4360
190,332,4360
191,18,4658
191,43,2954
191,45,2954
191,66,2954
191,68,2954
191,126,4006
191,127,4006
191,128,4006
191,130,4006
191,134,4006
191,151,4006
191,174,3911
191,180,3911
191,182,3911
191,183,3911
191,184,3911
191,185,3911
191,192,3911
191,193,3911
191,195,3911
191,196,3911
191,198,3911
191,199,3911
191,201,3911
191,202,3911
191,203,3911
191,206,3911
191,293,4360
191,294,4360
191,300,4360
191,331,4360
192,14,4658
192,19,4658
192,44,2954
192,60,2954
192,65,2954
192,66,2954
192,83,2954
192,110,4006
192,125,4006
192,126,4006
192,127,4006
192,128,4006
192,130,4006
192,139,4006
192,140,4006
192,148,4006
192,149,4006
192,150,4006
192,151,4006
192,173,3911
192,174,3911
192,175,3911
192,178,3911
192,181,3911
192,182,3911
192,183,3911
192,184,3911
192,189,3911
192,190,3911
192,191,3911
192,194,3911
192,196,3911
192,197,3911
192,198,3911
192,199,3911
192,200,3911
192,201,3911
192,202,3911
192,203,3911
192,205,3911
192,206,3911
192,254,2590
192,335,4360
193,19,4658
193,60,2954
193,61,2954
193,127,4006
193,128,4006
193,129,4006
193,130,4006
193,133,4006
193,142,4006
193,143,4006
193,147,4006
193,148,4006
193,149,4006
193,150,4006
193,151,4006
193,172,3911
193,173,3911
193,174,3911
193,175,3911
193,183,3911
193,184,3911
193,187,3911
193,192,3911
193,194,3911
193,195,3911
193,196,3911
193,197,3911
193,198,3911
193,199,3911
193,200,3911
193,201,3911
193,202,3911
193,203,3911
193,204,3911
193,206,3911
193,218,3911
193,304,4360
193,350,2880
194,16,4658
194,60,2954
194,61,2954
194,64,2954
194,65,2954
194,110,4006
194,127,4006
194,128,4006
194,129,4006
194,130,4006
194,131,4006
194,132,4006
194,143,4006
194,144,4006
194,146,4006
194,147,4006
194,150,4006
194,151,4006
194,172,3911
194,173,3911
194,174,3911
194,177,3911
194,191,3911
194,194,3911
194,195,3911
194,196,3911
194,197,3911
194,198,3911
194,199,3911
194,200,3911
194,201,3911
194,202,3911
194,203,3911
194,204,3911
194,205,3911
194,302,4360
194,303,4360
194,304,4360
194,307,4360
194,308,4360
194,326,4360
194,327,4360
194,328,4360
195,16,4658
195,17,4658
195,63,2954
195,64,2954
195,65,2954
195,85,2954
195,98,4006
195,129,4006
195,130,4006
195,142,4006
195,143,4006
195,144,4006
195,148,4006
195,149,4006
195,150,4006
195,167,3911
195,172,3911
195,173,3911
195,174,3911
195,180,3911
195,181,3911
195,183,3911
195,187,3911
195,188,3911
195,189,3911
195,193,3911
195,194,3911
195,195,3911
195,196,3911
195,197,3911
195,198,3911
195,199,3911
195,200,3911
195,201,3911
195,202,3911
195,203,3911
195,204,3911
195,205,3911
195,220,3911
195,327,4360
195,328,4360
196,8,4658
196,15,4658
196,45,2954
196,59,2954
196,65,2954
196,94,4006
196,112,4006
196,114,4006
196,137,4006
196,140,4006
196,150,4006
196,168,3911
196,169,3911
196,172,3911
196,173,3911
196,174,3911
196,181,3911
196,182,3911
196,183,3911
196,184,3911
196,185,3911
196,187,3911
196,188,3911
196,189,3911
196,190,3911
196,192,3911
196,194,3911
196,195,3911
196,196,3911
196,198,3911
196,199,3911
196,200,3911
196,203,3911
196,204,3911
196,205,3911
196,341,4360
196,342,2880
196,345,2880
197,43,2954
197,58,2954
197,64,2954
197,114,4006
197,115,4006
197,136,4006
197,137,4006
197,167,3911
197,168,3911
197,169,3911
197,171,3911
197,172,3911
197,173,3911
197,174,3911
197,175,3911
197,182,3911
197,183,3911
197,184,3911
197,185,3911
197,186,3911
197,187,3911
197,188,3911
197,189,3911
197,190,3911
197,193,3911
197,194,3911
197,195,3911
197,196,3911
197,197,3911
197,198,3911
197,199,3911
197,200,3911
197,203,3911
197,210,3911
198,44,2954
198,59,2954
198,62,2954
198,108,4006
198,114,4006
198,115,4006
198,137,4006
198,169,3911
198,171,3911
198,172,3911
198,173,3911
198,174,3911
198,175,3911
198,176,3911
198,184,3911
198,185,3911
198,186,3911
198,187,3911
198,188,3911
198,189,3911
198,190,3911
198,191,3911
198,194,3911
198,195,3911
198,196,3911
198,198,3911
198,199,3911
198,200,3911
198,201,3911
198,210,3911
198,325,4360
199,11,4658
199,15,4658
199,59,2954
199,64,2954
199,113,4006
199,174,3911
199,175,3911
199,176,3911
199,184,3911
199,185,3911
199,186,3911
199,189,3911
199,193,3911
199,195,3911
199,196,3911
199,198,3911
199,199,3911
199,200,3911
199,203,3911
199,204,3911
199,319,4360
199,336,4360
200,9,4658
200,55,2954
200,56,2954
200,62,2954
200,63,2954
200,90,2954
200,110,4006
200,175,3911
200,176,3911
200,177,3911
200,184,3911
200,185,3911
200,191,3911
200,192,3911
200,194,3911
200,195,3911
200,196,3911
200,198,3911
200,199,3911
200,200,3911
200,202,3911
200,203,3911
200,266,2590
201,5,4658
201,12,4658
201,13,4658
201,54,2954
201,57,2954
201,63,2954
201,68,2954
201,170,3911
201,176,3911
201,177,3911
201,183,3911
201,184,3911
201,185,3911
201,190,3911
201,191,3911
201,201,3911
201,267,2590
201,320,4360
201,322,4360
202,9,4658
202,12,4658
202,13,4658
202,146,4006
202,147,4006
202,169,3911
202,176,3911
202,177,3911
202,185,3911
202,200,3911
202,201,3911
202,202,3911
202,245,2590
203,12,4658
203,67,2954
203,68,2954
203,146,4006
203,147,4006
203,148,4006
203,175,3911
203,176,3911
203,177,3911
203,178,3911
203,183,3911
203,185,3911
203,189,3911
203,201,3911
203,202,3911
203,211,3911
203,277,4360
203,279,4360
203,306,4360
204,6,4658
204,72,2954
204,73,2954
204,146,4006
204,147,4006
204,148,4006
204,174,3911
204,175,3911
204,176,3911
204,201,3911
204,202,3911
204,203,3911
204,277,4360
204,278,4360
205,43,4658
205,67,2954
205,75,2954
205,147,4006
205,148,4006
205,183,3911
205,184,3911
205,185,3911
205,200,3911
205,201,3911
205,202,3911
205,276,4360
205,278,4360
206,43,4658
206,107,4006
206,148,4006
206,183,3911
206,184,3911
206,185,3911
206,186,3911
206,201,3911
206,202,3911
206,203,3911
206,204,3911
206,214,3911
206,275,4360
206,308,4360
206,310,4360
206,311,4360
207,114,4006
207,148,4006
207,185,3911
207,186,3911
207,187,3911
207,201,3911
207,202,3911
207,203,3911
207,276,4360
208,67,2954
208,114,4006
208,149,4006
208,173,3911
208,185,3911
208,186,3911
208,187,3911
208,199,3911
208,215,3911
208,274,4360
208,275,4360
208,291,4360
208,295,4360
208,314,4360
208,341,4360
209,45,4658
209,49,4658
209,114,4006
209,122,4006
209,132,4006
209,133,4006
209,168,3911
209,170,3911
209,186,3911
209,187,3911
209,216,3911
209,276,4360
209,277,4360
209,296,4360
209,342,4360
210,4,4658
210,11,4658
210,12,4658
210,87,2954
210,130,4006
210,131,4006
210,142,4006
210,167,3911
210,168,3911
210,172,3911
210,187,3911
210,275,4360
210,290,4360
211,11,4658
211,12,4658
211,48,4658
211,49,4658
211,63,2954
211,109,4006
211,116,4006
211,157,4006
211,167,3911
211,168,3911
211,187,3911
211,195,3911
211,290,4360
211,291,4360
211,299,4360
212,6,4658
212,48,4658
212,85,2954
212,108,4006
212,110,4006
212,111,4006
212,113,4006
212,130,4006
212,152,4006
212,158,4006
212,163,4006
212,166,3911
212,167,3911
212,187,3911
212,188,3911
212,195,3911
212,200,3911
212,205,3911
212,280,4360
212,316,4360
213,4,4658
213,6,4658
213,11,4658
213,82,2954
213,110,4006
213,111,4006
213,112,4006
213,113,4006
213,114,4006
213,115,4006
213,116,4006
213,122,4006
213,141,4006
213,152,4006
213,159,4006
213,160,4006
213,161,4006
213,162,4006
213,163,4006
213,164,3911
213,165,3911
213,166,3911
213,167,3911
213,187,3911
213,188,3911
213,189,3911
213,194,3911
213,195,3911
213,202,3911
213,203,3911
213,204,3911
213,299,4360
213,300,4360
213,315,4360
214,3,4658
214,12,4658
214,13,4658
214,14,4658
214,46,4658
214,109,4006
214,112,4006
214,113,4006
214,123,4006
214,150,4006
214,161,4006
214,162,4006
214,163,4006
214,164,4006
214,165,3911
214,166,3911
214,187,3911
214,188,3911
214,189,3911
214,193,3911
214,194,3911
214,203,3911
214,204,3911
214,299,4360
214,315,4360
214,316,4360
215,5,4658
215,45,4658
215,46,4658
215,113,4006
215,115,4006
215,123,4006
215,155,4006
215,160,4006
215,161,4006
215,162,4006
215,163,4006
215,164,4006
215,188,3911
215,189,3911
215,190,3911
215,191,3911
215,203,3911
215,205,3911
216,8,4658
216,120,4006
216,121,4006
216,123,4006
216,124,4006
216,159,4006
216,160,4006
216,161,4006
216,162,4006
216,165,3911
216,189,3911
216,193,3911
216,207,3911
216,225,3911
217,55,4658
217,155,4006
217,159,4006
217,160,4006
217,161,4006
217,163,4006
217,189,3911
217,191,3911
217,192,3911
217,209,3911
217,280,4360
217,315,4360
217,330,4360
218,9,4658
218,123,4006
218,124,4006
218,159,4006
218,160,4006
218,161,4006
218,162,4006
218,163,4006
218,189,3911
218,191,3911
218,247,4866
218,279,4866
218,331,4360
219,81,5091
219,158,4006
219,159,4006
219,160,4006
219,161,4006
219,190,3911
219,191,3911
219,279,4866
219,330,4360
220,123,4006
220,158,4006
220,189,3911
220,190,3911
220,225,3911
220,273,4866
220,315,4360
221,67,5091
221,188,3911
221,209,3911
221,211,3911
222,184,3911
222,187,3911
222,188,3911
222,189,3911
222,266,4866
222,269,4866
222,299,4360
222,300,4360
222,313,4360
223,11,4658
223,45,4658
223,184,3911
223,185,3911
223,187,3911
223,188,3911
223,189,3911
223,249,4866
223,271,4866
223,282,4866
223,298,4360
223,299,4360
223,313,4360
223,314,4360
223,315,4360
223,342,4360
224,117,4006
224,118,4006
224,178,3911
224,179,3911
224,180,3911
224,181,3911
224,183,3911
224,184,3911
224,187,3911
224,188,3911
224,249,4866
224,265,4866
224,266,4866
224,286,4360
224,314,4360
225,118,4006
225,179,3911
225,180,3911
225,181,3911
225,182,3911
225,183,3911
225,185,3911
225,188,3911
225,220,5159
225,222,5159
225,223,5159
225,314,4360
225,340,4360
226,76,5091
226,180,3911
226,181,3911
226,182,3911
226,220,5159
226,222,5159
226,249,4866
226,250,4866
226,340,4360
227,180,3911
227,221,5159
227,222,5159
227,315,4360
227,325,4360
227,340,4360
228,74,5091
228,118,4957
228,221,5159
228,222,5159
228,223,5159
228,261,4866
228,263,4866
228,325,4360
228,326,4360
228,342,4360
229,45,4658
229,72,5091
229,75,5091
229,221,5159
229,222,5159
229,223,5159
229,261,4866
229,262,4866
229,325,4360
229,326,4360
230,70,5091
230,208,5159
230,221,5159
230,222,5159
230,250,4866
230,258,4866
230,268,4866
230,285,4866
230,340,4360
230,341,4360
231,187,3911
231,220,5159
231,221,5159
231,222,5159
231,250,4866
231,258,4866
231,259,4866
231,260,4866
231,264,4866
231,268,4866
231,270,4866
231,324,4360
231,325,4360
231,341,4360
232,76,5091
232,132,4957
232,189,3911
232,209,5159
232,224,5159
232,249,4866
232,256,4866
232,257,4866
232,259,4866
232,260,4866
232,263,4866
232,268,4866
232,281,4866
232,282,4866
232,318,4360
232,336,4360
232,341,4360
233,9,4658
233,12,4658
233,76,5091
233,129,4957
233,131,4957
233,132,4957
233,189,3911
233,249,4866
233,261,4866
233,282,4866
233,323,4360
233,324,4360
234,12,4658
234,13,4658
234,14,4658
234,15,4658
234,75,5091
234,128,4957
234,131,4957
234,132,4957
234,221,5159
234,222,5159
234,223,5159
234,257,4866
234,287,4866
234,317,4360
235,12,4658
235,13,4658
235,40,4658
235,119,4957
235,124,4957
235,128,4957
235,131,4957
235,132,4957
235,133,4957
235,221,5159
235,222,5159
235,223,5159
235,250,4866
235,256,4866
235,260,4866
235,272,4866
235,282,4866
235,295,4360
235,317,4360
235,337,4360
235,338,4360
236,12,4658
236,120,4957
236,124,4957
236,126,4957
236,133,4957
236,134,4957
236,143,4957
236,145,4957
236,222,5159
236,248,4866
236,259,4866
236,260,4866
236,292,4866
236,293,4360
236,294,4360
236,295,4360
236,296,4360
236,337,4360
237,10,4658
237,12,4658
237,13,4658
237,14,4658
237,45,4658
237,46,4658
237,72,5091
237,73,5091
237,98,5091
237,120,4957
237,125,4957
237,131,4957
237,132,4957
237,133,4957
237,143,4957
237,222,5159
237,223,5159
237,224,5159
237,225,5159
237,262,4866
237,294,4360
237,324,4360
237,336,4360
238,10,4658
238,13,4658
238,14,4658
238,17,4658
238,44,4658
238,46,4658
238,47,4658
238,72,5091
238,131,4957
238,132,4957
238,133,4957
238,221,5159
238,222,5159
238,224,5159
238,225,5159
238,247,4866
238,249,4866
238,252,4866
238,260,4866
238,263,4866
239,8,4658
239,10,4658
239,12,4658
239,14,4658
239,19,4658
239,130,4957
239,131,4957
239,132,4957
239,139,4957
239,192,5159
239,210,5159
239,217,5159
239,218,5159
239,223,5159
239,225,5159
239,251,4866
239,314,4360
240,8,4658
240,9,4658
240,10,4658
240,11,4658
240,12,4658
240,13,4658
240,14,4658
240,15,4658
240,16,4658
240,22,4658
240,38,4658
240,44,4658
240,129,4957
240,130,4957
240,131,4957
240,132,4957
240,137,4957
240,138,4957
240,192,5159
240,211,5159
240,217,5159
240,218,5159
240,245,4866
240,246,4866
240,251,4866
240,252,4866
240,253,4866
240,263,4866
240,265,4866
241,8,4658
241,14,4658
241,16,4658
241,83,5091
241,105,4957
241,130,4957
241,131,4957
241,132,4957
241,133,4957
241,136,4957
241,192,5159
241,193,5159
241,225,5159
241,245,4866
241,249,4866
241,251,4866
241,313,4360
242,13,4658
242,16,4658
242,21,4658
242,35,4658
242,38,4658
242,52,4658
242,97,5091
242,98,5091
242,105,4957
242,106,4957
242,129,4957
242,130,4957
242,131,4957
242,132,4957
242,144,4957
242,222,5159
242,246,4866
242,249,4866
242,250,4866
242,252,4866
242,264,4866
242,265,4866
243,5,4658
243,16,4658
243,37,4658
243,54,4658
243,96,5091
243,97,5091
243,106,4957
243,129,4957
243,133,4957
243,143,4957
243,144,4957
243,249,4866
243,250,4866
243,251,4866
243,280,4866
243,310,4360
243,311,4360
244,6,4658
244,22,4658
244,28,4658
244,133,4957
244,143,4957
244,210,5159
244,224,5159
244,249,4866
244,250,4866
244,251,4866
244,252,4866
244,280,4866
244,310,4360
244,311,4360
245,18,4658
245,19,4658
245,20,4658
245,31,4658
245,33,4658
245,59,5091
245,108,4957
245,249,4866
245,252,4866
245,310,4360
246,5,4658
246,18,4658
246,20,4658
246,21,4658
246,22,4658
246,24,4658
246,25,4658
246,31,4658
246,38,4658
246,39,4658
246,40,4658
246,60,5091
246,70,5091
246,71,5091
246,83,5091
246,104,5091
246,108,4957
246,141,4957
246,142,4957
246,216,5159
246,229,5159
246,252,4866
246,263,4866
246,265,4866
246,282,4866
246,283,4866
247,8,4658
247,9,4658
247,16,4658
247,20,4658
247,35,4658
247,54,5091
247,55,5091
247,69,5091
247,70,5091
247,71,5091
247,83,5091
247,140,4957
247,141,4957
247,142,4957
247,143,4957
247,186,5159
247,263,4866
247,265,4866
247,266,4866
247,326,4360
247,327,4360
248,21,4658
248,25,4658
248,26,4658
248,35,4658
248,39,4658
248,40,4658
248,60,5091
248,63,5091
248,64,5091
248,69,5091
248,70,5091
248,83,5091
248,139,4957
248,140,4957
248,141,4957
248,142,4957
248,143,4957
248,144,4957
248,223,5159
248,325,4360
248,326,4360
248,327,4360
249,9,4658
249,14,4658
249,16,4658
249,17,4658
249,29,4658
249,31,4658
249,36,4658
249,38,4658
249,39,4658
249,40,4658
249,64,5091
249,65,5091
249,66,5091
249,138,4957
249,139,4957
249,140,4957
249,141,4957
249,142,4957
249,143,4957
249,245,4866
249,324,4360
249,325,4360
249,326,4360
249,327,4360
250,34,4658
250,39,4658
250,60,5091
250,66,5091
250,68,5091
250,69,5091
250,70,5091
250,140,4957
250,143,4957
250,144,4957
250,145,4957
250,185,5159
250,186,5159
250,244,4866
250,245,4866
250,267,4866
250,281,4866
250,282,4866
250,324,4360
250,326,4360
251,28,4658
251,33,4658
251,34,4658
251,35,4658
251,39,4658
251,40,4658
251,55,5091
251,64,5091
251,65,5091
251,68,5091
251,69,5091
251,70,5091
251,74,5091
251,75,5091
251,136,4957
251,140,4957
251,141,4957
251,142,4957
251,143,4957
251,144,4957
251,192,5159
251,230,5159
251,231,5159
251,238,5159
251,255,4866
251,257,4866
251,281,4866
251,282,4866
251,283,4866
251,324,4360
252,27,4658
252,32,4658
252,33,4658
252,34,4658
252,36,4658
252,39,4658
252,68,5091
252,70,5091
252,95,5091
252,129,4957
252,136,4957
252,140,4957
252,142,4957
252,143,4957
252,144,4957
252,145,4957
252,184,5159
252,235,5159
252,244,4866
252,281,4866
252,282,4866
253,28,4658
253,29,4658
253,32,4658
253,33,4658
253,34,4658
253,35,4658
253,36,4658
253,69,5091
253,70,5091
253,72,5091
253,73,5091
253,74,5091
253,83,5091
253,84,5091
253,90,5091
253,132,4957
253,133,4957
253,134,4957
253,135,4957
253,142,4957
253,143,4957
253,145,4957
253,146,4957
253,147,4957
253,194,5159
253,237,5159
253,238,5159
253,239,5159
253,240,5159
254,28,4658
254,34,4658
254,36,4658
254,95,5091
254,132,4957
254,135,4957
254,136,4957
254,143,4957
254,147,4957
254,225,5159
254,237,5159
255,32,4658
255,33,4658
255,56,5091
255,65,5091
255,70,5091
255,71,5091
255,83,5091
255,128,4957
255,143,4957
255,146,4957
255,147,4957
255,184,5159
255,227,5159
255,234,5159
256,71,5091
256,74,5091
256,117,4957
256,118,4957
256,120,4957
256,123,4957
256,142,4957
256,145,4957
256,192,5159
256,193,5159
256,235,5159
256,269,4866
257,57,5091
257,58,5091
257,70,5091
257,71,5091
257,116,4957
257,117,4957
257,127,4957
257,146,4957
257,151,4957
257,192,5159
257,193,5159
257,194,5159
257,214,5159
257,216,5159
257,232,5159
257,244,4866
257,250,4866
257,267,4866
257,268,4866
257,269,4866
258,114,4957
258,116,4957
258,151,4957
258,193,5159
258,216,5159
258,234,5159
258,250,4866
258,270,4866
258,273,4866
258,284,4866
258,298,4866
259,53,5091
259,65,5091
259,66,5091
259,69,5091
259,82,5091
259,88,5091
259,89,5091
259,113,4957
259,127,4957
259,128,4957
259,129,4957
259,158,4957
259,179,5159
259,190,5159
259,193,5159
259,194,5159
259,208,5159
259,234,5159
259,244,4866
259,245,4866
260,66,5091
260,68,5091
260,125,4957
260,126,4957
260,127,4957
260,140,4957
260,141,4957
260,183,5159
260,227,5159
260,245,4866
260,267,4866
260,288,4866
260,317,4360
260,322,4360
261,56,5091
261,64,5091
261,127,4957
261,141,4957
261,151,4957
261,184,5159
261,185,5159
261,186,5159
261,220,5159
261,246,4866
262,53,5091
262,55,5091
262,64,5091
262,181,5159
262,183,5159
262,184,5159
262,185,5159
262,186,5159
262,271,4866
262,288,4866
263,64,5091
263,65,5091
263,151,4957
263,180,5159
263,184,5159
263,185,5159
263,263,4866
263,271,4866
263,275,4866
263,321,4360
264,65,5091
264,75,5091
264,151,4957
264,264,4866
264,265,4866
264,275,4866
265,71,5091
265,78,5091
265,79,5091
265,85,5091
265,140,4957
265,180,5159
265,203,5159
266,61,5091
266,64,5091
266,71,5091
266,77,5091
266,85,5091
266,86,5091
266,139,4957
266,140,4957
266,144,4957
266,172,4957
266,183,5159
266,203,5159
266,204,5159
266,206,5159
266,207,5159
266,266,4866
266,267,4866
266,268,4866
266,269,4866
266,276,4866
266,326,4360
267,63,5091
267,64,5091
267,103,5091
267,104,5091
267,131,4957
267,132,4957
267,133,4957
267,134,4957
267,141,4957
267,142,4957
267,143,4957
267,144,4957
267,201,5159
267,202,5159
267,206,5159
267,208,5159
267,227,5159
267,266,4866
267,267,4866
267,268,4866
267,276,4866
268,64,5091
268,69,5091
268,72,5091
268,74,5091
268,80,5091
268,81,5091
268,82,5091
268,83,5091
268,88,5091
268,103,5091
268,134,4957
268,138,4957
268,139,4957
268,140,4957
268,141,4957
268,148,4957
268,152,4957
268,153,4957
268,164,4957
268,182,5159
268,183,5159
268,219,5159
268,236,5159
268,264,4866
268,266,4866
268,276,4866
269,69,5091
269,74,5091
269,78,5091
269,79,5091
269,82,5091
269,103,5091
269,133,4957
269,134,4957
269,136,4957
269,138,4957
269,149,4957
269,150,4957
269,151,4957
269,152,4957
269,153,4957
269,181,5159
269,182,5159
269,183,5159
269,198,5159
269,222,5159
269,224,5159
269,236,5159
269,264,4866
269,265,4866
269,266,4866
269,268,4866
269,270,4866
269,273,4866
269,275,4866
269,276,4866
270,75,5091
270,77,5091
270,80,5091
270,134,4957
270,136,4957
270,149,4957
270,150,4957
270,151,4957
270,152,4957
270,153,4957
270,182,5159
270,183,5159
270,184,5159
270,188,5159
270,197,5159
270,223,5159
270,228,5159
270,235,5159
270,236,5159
270,244,5159
270,265,4866
270,266,4866
270,275,4866
270,299,4866
270,304,5914
271,73,5091
271,74,5091
271,75,5091
271,78,5091
271,80,5091
271,81,5091
271,82,5091
271,87,5091
271,91,5091
271,103,5091
271,133,4957
271,135,4957
271,149,4957
271,195,5159
271,232,5159
271,234,5159
271,235,5159
271,236,5159
271,244,5159
271,266,4866
271,267,4866
271,273,4866
271,275,4866
271,299,5914
272,73,5091
272,74,5091
272,75,5091
272,78,5091
272,79,5091
272,87,5091
272,119,4957
272,131,4957
272,135,4957
272,148,4957
272,149,4957
272,183,5159
272,185,5159
272,187,5159
272,188,5159
272,189,5159
272,190,5159
272,192,5159
272,223,5159
272,233,5159
272,234,5159
272,235,5159
272,238,5159
272,244,5159
272,275,4866
273,73,5091
273,75,5091
273,80,5091
273,82,5091
273,83,5091
273,84,5091
273,88,5091
273,104,5091
273,130,4957
273,147,4957
273,148,4957
273,187,5159
273,188,5159
273,222,5159
273,223,5159
273,229,5159
273,233,5159
273,234,5159
273,235,5159
273,243,5159
273,244,5159
273,268,4866
273,273,4866
273,275,4866
273,276,4866
273,278,4866
274,76,5091
274,77,5091
274,78,5091
274,80,5091
274,105,5091
274,147,4957
274,148,4957
274,188,5159
274,222,5159
274,229,5159
274,231,5159
274,234,5159
274,235,5159
274,236,5159
274,267,4866
274,268,4866
274,273,4866
274,276,4866
275,77,5091
275,78,5091
275,79,5091
275,80,5091
275,102,5091
275,103,5091
275,147,4957
275,181,5159
275,185,5159
275,223,5159
275,227,5159
275,228,5159
275,229,5159
275,231,5159
275,234,5159
275,235,5159
275,267,4866
275,274,4866
275,275,4866
276,77,5091
276,79,5091
276,80,5091
276,91,5091
276,101,5091
276,181,5159
276,223,5159
276,224,5159
276,225,5159
276,229,5159
276,268,4866
276,274,4866
277,78,5091
277,86,5091
277,87,5091
277,90,5091
277,91,5091
277,102,5091
277,125,5749
277,224,5159
277,225,5159
277,226,5159
277,234,5159
277,238,5159
277,273,4866
277,274,4866
277,275,4866
277,287,5914
278,79,5091
278,82,5091
278,85,5091
278,91,5091
278,104,5091
278,106,5749
278,173,4957
278,218,5159
278,223,5159
278,225,5159
278,226,5159
278,232,5159
278,237,5159
278,239,5159
278,247,5159
278,273,4866
278,274,4866
278,275,4866
278,284,4866
278,323,5914
279,78,5091
279,79,5091
279,91,5091
279,94,5091
279,95,5091
279,104,5091
279,105,5091
279,124,5749
279,145,4957
279,146,4957
279,173,4957
279,219,5159
279,223,5159
279,224,5159
279,225,5159
279,226,5159
279,227,5159
279,228,5159
279,229,5159
279,232,5159
279,283,5914
279,285,5914
279,318,5914
279,319,5914
279,321,5914
280,82,5091
280,85,5091
280,90,5091
280,94,5091
280,100,5091
280,101,5091
280,102,5091
280,141,5749
280,143,5749
280,144,5749
280,145,5749
280,225,5159
280,228,5159
280,240,5159
280,276,4866
280,282,5914
280,284,5914
280,321,5914
281,82,5091
281,85,5091
281,94,5091
281,95,5091
281,102,5091
281,103,5091
281,138,5749
281,139,5749
281,145,5749
281,183,5159
281,230,5159
281,232,5159
281,275,4866
281,283,5914
281,284,5914
281,299,5914
281,300,5914
281,317,5914
282,84,5091
282,87,5091
282,89,5091
282,90,5091
282,93,5091
282,144,5749
282,145,5749
282,231,5159
282,236,5159
282,240,5159
282,284,5914
282,299,5914
282,301,5914
282,310,5914
282,311,5914
282,312,5914
282,317,5914
283,81,5091
283,88,5091
283,89,5091
283,90,5091
283,91,5091
283,92,5091
283,106,5749
283,107,5749
283,140,5749
283,144,5749
283,145,5749
283,203,5159
283,211,5159
283,237,5159
283,240,5159
283,272,4866
283,284,5914
283,299,5914
283,301,5914
283,311,5914
284,87,5091
284,88,5091
284,89,5091
284,90,5091
284,107,5749
284,108,5749
284,109,5749
284,110,5749
284,111,5749
284,125,5749
284,127,5749
284,134,5749
284,143,5749
284,175,6309
284,272,5914
284,273,5914
285,91,5091
285,92,5091
285,98,5091
285,100,5091
285,108,5749
285,109,5749
285,110,5749
285,112,5749
285,113,5749
285,114,5749
285,115,5749
285,117,5749
285,118,5749
285,125,5749
285,132,5749
285,134,5749
285,143,5749
285,144,5749
285,145,5749
285,148,5749
285,181,5159
285,310,5914
286,91,5091
286,93,5091
286,105,5749
286,109,5749
286,110,5749
286,111,5749
286,112,5749
286,113,5749
286,114,5749
286,115,5749
286,116,5749
286,117,5749
286,118,5749
286,124,5749
286,125,5749
286,126,5749
286,132,5749
286,141,5749
286,142,5749
286,144,5749
286,145,5749
286,237,5159
286,241,5159
286,274,5914
286,284,5914
286,304,5914
287,91,5091
287,95,5091
287,96,5091
287,99,5091
287,106,5749
287,111,5749
287,112,5749
287,113,5749
287,114,5749
287,115,5749
287,116,5749
287,117,5749
287,123,5749
287,124,5749
287,132,5749
287,133,5749
287,143,5749
287,144,5749
287,145,5749
287,216,5159
287,225,5159
287,242,5159
287,283,5914
287,284,5914
288,93,5091
288,95,5091
288,96,5091
288,97,5091
288,105,5749
288,109,5749
288,113,5749
288,115,5749
288,116,5749
288,123,5749
288,132,5749
288,144,5749
288,145,5749
288,146,5749
288,201,5159
288,202,5159
288,223,5159
288,224,5159
288,272,5914
288,296,5914
289,92,5091
289,93,5091
289,94,5091
289,95,5091
289,103,5749
289,104,5749
289,105,5749
289,109,5749
289,111,5749
289,113,5749
289,114,5749
289,115,5749
289,116,5749
289,145,5749
289,161,5749
289,223,5159
289,293,5914
289,294,5914
289,295,5914
290,101,5749
290,104,5749
290,108,5749
290,113,5749
290,145,5749
290,146,5749
290,161,5749
290,246,5159
290,253,5159
290,296,5914
290,297,5914
290,298,5914
291,105,5749
291,113,5749
291,114,5749
291,116,5749
291,118,5749
291,124,5749
291,145,5749
291,146,5749
291,147,5749
291,161,5749
291,178,6309
291,298,5914
292,102,5749
292,103,5749
292,105,5749
292,110,5749
292,115,5749
292,116,5749
292,118,5749
292,119,5749
292,121,5749
292,146,5749
293,101,5749
293,102,5749
293,103,5749
293,110,5749
293,111,5749
293,112,5749
293,115,5749
293,116,5749
293,117,5749
293,122,5749
293,226,5159
293,262,5914
293,313,5914
293,314,5914
294,101,5749
294,102,5749
294,103,5749
294,115,5749
294,117,5749
294,118,5749
294,127,5749
294,131,5749
294,146,5749
294,147,5749
294,159,5749
294,229,5159
295,101,5749
295,102,5749
295,103,5749
295,108,5749
295,111,5749
295,112,5749
295,116,5749
295,117,5749
295,118,5749
295,129,5749
295,145,5749
295,147,5749
295,148,5749
295,181,6309
295,229,5159
295,230,5159
295,239,5159
295,304,5914
295,309,5914
295,322,5914
296,105,5749
296,106,5749
296,107,5749
296,112,5749
296,113,5749
296,114,5749
296,117,5749
296,118,5749
296,119,5749
296,125,5749
296,145,5749
296,148,5749
296,230,5159
296,231,5159
296,233,5159
296,234,5159
296,249,5159
296,303,5914
296,304,5914
296,323,5914
297,106,5749
297,107,5749
297,110,5749
297,112,5749
297,113,5749
297,114,5749
297,115,5749
297,117,5749
297,118,5749
297,119,5749
297,124,5749
297,125,5749
297,149,5749
297,150,5749
297,229,5159
297,231,5159
298,106,5749
298,107,5749
298,112,5749
298,113,5749
298,114,5749
298,118,5749
298,123,5749
298,124,5749
298,125,5749
298,126,5749
298,145,5749
298,146,5749
298,149,5749
298,151,5749
298,152,5749
298,227,5159
298,232,5159
298,261,5914
298,309,5914
298,318,5914
298,319,5914
298,322,5914
298,324,5914
299,106,5749
299,108,5749
299,114,5749
299,124,5749
299,125,5749
299,126,5749
299,127,5749
299,145,5749
299,146,5749
299,147,5749
299,231,5159
299,236,5159
299,307,5914
299,310,5914
299,317,5914
299,319,5914
299,325,5914
300,123,5749
300,124,5749
300,221,5159
300,222,5159
300,231,5159
300,232,5159
300,238,5159
300,246,6579
300,263,5914
300,265,5914
300,270,5914
300,276,5914
300,318,5914
300,319,5914
300,323,5914
301,124,5749
301,180,6309
301,219,5159
301,268,5914
301,274,5914
301,284,5914
301,286,5914
301,287,5914
301,302,5914
301,322,5914
302,124,5749
302,126,5749
302,222,5159
302,268,5914
302,270,5914
302,278,5914
302,284,5914
302,286,5914
302,288,5914
302,312,5914
302,321,5914
303,124,5749
303,125,5749
303,218,5159
303,222,5159
303,223,5159
303,270,5914
303,279,5914
303,280,5914
303,285,5914
303,287,5914
303,295,5914
303,297,5914
303,313,5914
303,314,5914
304,124,5749
304,125,5749
304,142,5749
304,147,5749
304,172,6309
304,223,5159
304,240,6579
304,269,5914
304,282,5914
304,296,5914
304,312,5914
304,313,5914
304,320,5914
305,121,5749
305,122,5749
305,123,5749
305,141,5749
305,142,5749
305,143,5749
305,146,5749
305,147,5749
305,150,5749
305,188,6309
305,210,6309
305,228,6579
305,234,6579
305,278,5914
305,279,5914
305,282,5914
305,283,5914
305,286,5914
305,290,5914
305,297,5914
306,116,5749
306,122,5749
306,124,5749
306,125,5749
306,138,5749
306,141,5749
306,142,5749
306,143,5749
306,145,5749
306,157,5749
306,158,5749
306,166,6309
306,228,6579
306,233,6579
306,282,5914
306,284,5914
306,286,5914
306,303,5914
306,311,5914
307,120,5749
307,122,5749
307,125,5749
307,139,5749
307,141,5749
307,143,5749
307,157,5749
307,158,5749
307,232,6579
307,242,6579
307,270,5914
307,280,5914
307,284,5914
307,313,5914
307,315,5914
308,117,5749
308,118,5749
308,119,5749
308,122,5749
308,123,5749
308,125,5749
308,126,5749
308,128,5749
308,140,5749
308,141,5749
308,206,6309
308,214,6309
308,215,6309
308,220,6579
308,250,6579
308,295,5914
308,297,5914
308,310,5914
309,118,5749
309,121,5749
309,125,5749
309,126,5749
309,136,5749
309,139,5749
309,141,5749
309,154,5749
309,155,5749
309,206,6309
309,212,6309
309,213,6309
309,215,6309
309,216,6309
309,220,6579
309,221,6579
309,225,6579
309,277,5914
309,287,5914
309,295,5914
309,296,5914
309,298,5914
309,301,5914
309,308,5914
309,309,5914
309,312,5914
310,120,5749
310,121,5749
310,139,5749
310,140,5749
310,141,5749
310,154,5749
310,172,6309
310,186,6309
310,209,6309
310,210,6309
310,211,6309
310,215,6309
310,220,6579
310,221,6579
310,222,6579
310,224,6579
310,225,6579
310,229,6579
310,231,6579
310,233,6579
310,279,5914
310,283,5914
310,284,5914
310,286,5914
310,298,5914
310,300,5914
310,310,5914
311,112,5749
311,135,5749
311,137,5749
311,139,5749
311,140,5749
311,143,5749
311,154,5749
311,155,5749
311,207,6309
311,209,6309
311,223,6579
311,244,6579
311,245,6579
311,246,6579
311,270,5914
311,284,5914
311,299,5914
311,300,5914
311,301,5914
311,305,5914
311,306,5914
312,137,5749
312,138,5749
312,139,5749
312,140,5749
312,152,5749
312,153,5749
312,154,5749
312,204,6309
312,223,6579
312,226,6579
312,244,6579
312,245,6579
312,283,5914
312,298,5914
312,302,5914
312,307,5914
312,308,5914
313,132,5749
313,138,5749
313,139,5749
313,142,5749
313,152,5749
313,153,5749
313,154,5749
313,205,6309
313,206,6309
313,207,6309
313,233,6579
313,246,6579
313,298,5914
313,299,5914
313,305,5914
313,306,5914
313,307,5914
314,153,5749
314,159,6309
314,246,6579
314,251,6579
314,294,5914
314,295,5914
314,299,5914
314,306,5914
314,307,5914
314,308,5914
314,309,5914
315,134,5749
315,136,5749
315,137,5749
315,138,5749
315,153,5749
315,197,6309
315,198,6309
315,303,5914
315,304,5914
315,306,5914
315,307,5914
315,308,5914
316,136,5749
316,138,5749
316,142,5749
316,153,5749
316,154,5749
316,203,6309
316,248,6579
316,303,5914
316,304,5914
316,305,5914
317,136,5749
317,137,5749
317,141,5749
317,198,6309
317,236,6579
317,247,6579
317,308,5914
317,309,5914
318,135,5749
318,141,5749
318,170,6309
318,179,6309
318,180,6309
318,197,6309
318,198,6309
318,245,6579
318,291,5914
318,292,5914
318,296,5914
318,297,5914
318,312,5914
319,133,5749
319,134,5749
319,139,5749
319,140,5749
319,141,5749
319,150,5749
319,158,6309
319,167,6309
319,179,6309
319,198,6309
319,202,6309
319,208,6309
319,234,6579
319,235,6579
319,241,6579
319,281,5914
319,293,5914
319,309,5914
319,312,5914
320,141,5749
320,142,5749
320,143,5749
320,150,5749
320,157,6309
320,158,6309
320,178,6309
320,179,6309
320,180,6309
320,181,6309
320,197,6309
320,198,6309
320,199,6309
320,201,6309
320,202,6309
320,233,6579
320,234,6579
320,235,6579
320,246,6579
320,308,5914
320,309,5914
321,146,5749
321,157,6309
321,158,6309
321,178,6309
321,179,6309
321,180,6309
321,198,6309
321,199,6309
321,202,6309
321,233,6579
321,234,6579
321,293,5914
321,300,5914
321,308,5914
321,309,5914
321,311,5914
321,312,5914
322,143,5749
322,154,6309
322,156,6309
322,157,6309
322,158,6309
322,159,6309
322,163,6309
322,167,6309
322,180,6309
322,181,6309
322,199,6309
322,201,6309
322,233,6579
322,235,6579
322,236,6579
322,282,5914
322,305,5914
322,310,5914
323,139,5749
323,140,5749
323,142,5749
323,145,5749
323,153,6309
323,154,6309
323,155,6309
323,156,6309
323,157,6309
323,158,6309
323,159,6309
323,166,6309
323,174,6309
323,177,6309
323,179,6309
323,180,6309
323,199,6309
323,200,6309
323,201,6309
323,202,6309
323,233,6579
323,236,6579
323,250,6579
323,305,5914
323,312,5914
324,171,6309
324,176,6309
324,180,6309
324,199,6309
324,200,6309
324,201,6309
324,202,6309
324,203,6309
324,216,6579
324,246,6579
324,248,6579
324,268,6579
324,275,5914
324,302,5914
324,309,5914
325,144,5749
325,150,5749
325,161,6309
325,162,6309
325,164,6309
325,167,6309
325,168,6309
325,169,6309
325,170,6309
325,171,6309
325,172,6309
325,176,6309
325,177,6309
325,178,6309
325,180,6309
325,181,6309
325,182,6309
325,183,6309
325,201,6309
325,202,6309
325,208,6309
325,212,6309
325,235,6579
325,236,6579
325,243,6579
325,248,6579
325,249,6579
325,252,6579
325,278,5914
325,299,5914
325,302,5914
325,303,5914
325,310,5914
326,154,6309
326,156,6309
326,158,6309
326,159,6309
326,160,6309
326,161,6309
326,162,6309
326,163,6309
326,164,6309
326,165,6309
326,168,6309
326,169,6309
326,172,6309
326,175,6309
326,176,6309
326,178,6309
326,179,6309
326,180,6309
326,181,6309
326,182,6309
326,183,6309
326,186,6309
326,200,6309
326,202,6309
326,204,6309
326,248,6579
326,252,6579
326,278,5914
326,298,5914
326,304,5914
327,150,6309
327,157,6309
327,158,6309
327,159,6309
327,160,6309
327,161,6309
327,162,6309
327,163,6309
327,164,6309
327,168,6309
327,175,6309
327,176,6309
327,177,6309
327,178,6309
327,179,6309
327,180,6309
327,181,6309
327,183,6309
327,199,6309
327,200,6309
327,201,6309
327,202,6309
327,203,6309
327,208,6309
327,218,6579
327,242,6579
327,251,6579
327,271,5914
327,279,5914
327,281,5914
327,282,5914
327,295,5914
327,302,5914
328,155,6309
328,159,6309
328,160,6309
328,161,6309
328,162,6309
328,163,6309
328,164,6309
328,175,6309
328,176,6309
328,177,6309
328,180,6309
328,181,6309
328,193,6309
328,195,6309
328,199,6309
328,200,6309
328,201,6309
328,202,6309
328,207,6309
328,218,6579
328,223,6579
328,251,6579
328,257,6579
328,258,6579
328,271,5914
328,277,5914
328,278,5914
328,279,5914
328,296,5914
328,301,5914
328,303,5914
329,146,5749
329,147,5749
329,161,6309
329,162,6309
329,163,6309
329,174,6309
329,175,6309
329,176,6309
329,177,6309
329,180,6309
329,185,6309
329,190,6309
329,191,6309
329,192,6309
329,199,6309
329,200,6309
329,201,6309
329,202,6309
329,203,6309
329,204,6309
329,234,6579
329,242,6579
329,250,6579
329,251,6579
329,269,6579
329,270,6579
329,279,5914
329,292,5914
329,297,5914
330,157,6309
330,158,6309
330,159,6309
330,162,6309
330,163,6309
330,164,6309
330,171,6309
330,175,6309
330,176,6309
330,177,6309
330,180,6309
330,183,6309
330,185,6309
330,190,6309
330,192,6309
330,193,6309
330,197,6309
330,201,6309
330,202,6309
330,251,6579
330,257,6579
330,258,6579
330,260,6579
330,270,6579
330,271,6579
330,277,5914
330,279,5914
330,284,5914
330,297,5914
331,143,5749
331,164,6309
331,177,6309
331,180,6309
331,187,6309
331,191,6309
331,193,6309
331,195,6309
331,196,6309
331,197,6309
331,198,6309
331,200,6309
331,202,6309
331,203,6309
331,217,6579
331,220,6579
331,222,6579
331,251,6579
331,252,6579
331,256,6579
331,265,6579
331,269,6579
331,270,6579
331,275,5914
331,281,5914
331,284,5914
331,286,5914
331,287,5914
331,288,5914
332,163,6309
332,179,6309
332,180,6309
332,187,6309
332,190,6309
332,194,6309
332,195,6309
332,198,6309
332,199,6309
332,201,6309
332,222,6579
332,251,6579
332,252,6579
332,254,6579
332,257,6579
332,261,6579
332,266,6579
332,268,6579
332,278,5914
332,281,5914
332,284,5914
333,162,6309
333,163,6309
333,188,6309
333,190,6309
333,192,6309
333,193,6309
333,194,6309
333,197,6309
333,198,6309
333,199,6309
333,205,6309
333,219,6579
333,226,6579
333,227,6579
333,238,6579
333,251,6579
333,252,6579
333,253,6579
333,254,6579
333,255,6579
333,259,6579
333,262,6579
333,263,6579
333,277,5914
333,278,5914
333,283,5914
333,284,5914
333,290,5914
334,161,6309
334,163,6309
334,175,6309
334,178,6309
334,179,6309
334,180,6309
334,181,6309
334,182,6309
334,183,6309
334,191,6309
334,192,6309
334,193,6309
334,195,6309
334,198,6309
334,228,6579
334,236,6579
334,244,6579
334,249,6579
334,251,6579
334,252,6579
334,254,6579
334,255,6579
334,259,6579
334,260,6579
334,270,6579
334,271,6579
334,275,5914
334,280,5914
334,281,5914
334,284,5914
335,165,6309
335,166,6309
335,168,6309
335,178,6309
335,179,6309
335,180,6309
335,181,6309
335,186,6309
335,192,6309
335,193,6309
335,194,6309
335,207,6309
335,213,6579
335,235,6579
335,239,6579
335,246,6579
335,252,6579
335,253,6579
335,254,6579
335,262,6579
335,265,6579
335,267,6579
335,278,5914
335,284,5914
336,178,6309
336,179,6309
336,180,6309
336,181,6309
336,182,6309
336,183,6309
336,184,6309
336,185,6309
336,189,6309
336,190,6309
336,191,6309
336,192,6309
336,195,6309
336,208,6309
336,224,6579
336,238,6579
336,239,6579
336,240,6579
336,246,6579
336,248,6579
336,252,6579
336,253,6579
336,254,6579
336,255,6579
336,256,6579
336,260,6579
336,261,6579
336,262,6579
336,263,6579
336,265,6579
336,266,6579
336,273,6579
336,278,5914
336,279,5914
336,280,5914
336,281,5914
336,282,5914
336,283,5914
336,284,5914
336,285,5914
336,286,5914
336,289,5914
336,290,5914
337,179,6309
337,180,6309
337,181,6309
337,182,6309
337,183,6309
337,184,6309
337,185,6309
337,187,6309
337,191,6309
337,192,6309
337,198,6309
337,208,6309
337,209,6309
337,226,6579
337,238,6579
337,239,6579
337,246,6579
337,252,6579
337,253,6579
337,256,6579
337,257,6579
337,258,6579
337,259,6579
337,261,6579
337,263,6579
337,264,6579
337,265,6579
337,269,6579
337,279,5914
337,280,5914
337,282,5914
338,179,6309
338,180,6309
338,181,6309
338,182,6309
338,183,6309
338,184,6309
338,185,6309
338,187,6309
338,188,6309
338,189,6309
338,199,6309
338,207,6309
338,224,6579
338,231,6579
338,237,6579
338,238,6579
338,241,6579
338,253,6579
338,255,6579
338,257,6579
338,258,6579
338,260,6579
338,264,6579
338,265,6579
338,269,6579
338,280,5914
338,281,5914
338,282,5914
339,178,6309
339,179,6309
339,180,6309
339,181,6309
339,182,6309
339,183,6309
339,184,6309
339,186,6309
339,187,6309
339,189,6309
339,196,6309
339,197,6309
339,198,6309
339,218,6579
339,219,6579
339,235,6579
339,237,6579
339,238,6579
339,245,6579
339,252,6579
339,253,6579
339,254,6579
339,256,6579
339,258,6579
339,259,6579
339,260,6579
339,266,6579
339,281,5914
340,181,6309
340,182,6309
340,184,6309
340,188,6309
340,216,6579
340,218,6579
340,225,6579
340,226,6579
340,237,6579
340,238,6579
340,246,6579
340,251,6579
340,252,6579
340,255,6579
340,257,6579
340,258,6579
340,260,6579
340,264,6579
340,277,5914
340,278,5914
340,279,5914
341,184,6309
341,185,6309
341,201,6309
341,212,6579
341,215,6579
341,216,6579
341,217,6579
341,223,6579
341,237,6579
341,246,6579
341,251,6579
341,252,6579
341,253,6579
341,254,6579
341,255,6579
341,256,6579
341,257,6579
341,258,6579
341,259,6579
341,267,6579
341,276,6579
341,277,6579
341,278,5914
341,279,5914
341,281,5914
342,186,6309
342,191,6309
342,194,6309
342,201,6309
342,215,6579
342,216,6579
342,217,6579
342,230,6579
342,237,6579
342,238,6579
342,251,6579
342,252,6579
342,258,6579
342,259,6579
342,260,6579
342,261,6579
342,262,6579
342,267,6579
342,270,6579
342,276,6579
342,277,6579
342,278,5914
342,279,5914
343,188,6309
343,194,6309
343,206,6309
343,212,6579
343,215,6579
343,216,6579
343,217,6579
343,230,6579
343,231,6579
343,232,6579
343,234,6579
343,237,6579
343,252,6579
343,257,6579
343,258,6579
343,259,6579
343,260,6579
343,261,6579
343,263,6579
343,264,6579
343,269,6579
343,276,6579
343,277,6579
343,278,6579
344,188,6309
344,206,6309
344,211,6309
344,212,6579
344,213,6579
344,214,6579
344,215,6579
344,220,6579
344,223,6579
344,227,6579
344,230,6579
344,231,6579
344,234,6579
344,253,6579
344,257,6579
344,258,6579
344,259,6579
344,261,6579
344,265,6579
344,277,6579
344,278,6579
344,279,6579
345,199,6309
345,207,6309
345,208,6309
345,209,6309
345,210,6309
345,212,6579
345,214,6579
345,217,6579
345,221,6579
345,222,6579
345,223,6579
345,234,6579
345,236,6579
345,239,6579
345,240,6579
345,249,6579
345,250,6579
345,253,6579
345,265,6579
345,278,6579
346,199,6309
346,209,6309
346,210,6309
346,211,6579
346,214,6579
346,216,6579
346,217,6579
346,219,6579
346,220,6579
346,221,6579
346,222,6579
346,234,6579
346,236,6579
346,237,6579
346,238,6579
346,240,6579
347,192,6309
347,193,6309
347,194,6309
347,209,6309
347,210,6309
347,211,6579
347,213,6579
347,214,6579
347,215,6579
347,218,6579
347,219,6579
347,220,6579
347,221,6579
347,222,6579
347,226,6579
347,233,6579
347,236,6579
347,237,6579
347,239,6579
348,189,6309
348,190,6309
348,191,6309
348,193,6309
348,194,6309
348,195,6309
348,199,6309
348,200,6309
348,209,6309
348,214,6579
348,219,6579
348,220,6579
348,221,6579
348,222,6579
348,226,6579
348,229,6579
348,233,6579
348,234,6579
348,235,6579
348,236,6579
348,237,6579
348,238,6579
348,243,6579
348,244,6579
348,248,6579
349,194,6309
349,195,6309
349,196,6309
349,197,6309
349,198,6309
349,199,6309
349,200,6309
349,201,6309
349,212,6579
349,213,6579
349,214,6579
349,215,6579
349,219,6579
349,220,6579
349,221,6579
349,222,6579
349,226,6579
349,235,6579
349,236,6579
349,239,6579
349,240,6579
349,241,6579
349,252,6579
349,255,6579
349,258,6579
349,259,6579
350,195,6309
350,196,6309
350,212,6579
350,226,6579
350,234,6579
350,235,6579
350,236,6579
350,240,6579
350,242,6579
350,243,6579
350,249,6579
350,250,6579
350,253,6579
350,256,6579
351,201,6309
351,232,6579
351,234,6579
351,235,6579
351,236,6579
351,245,6579
351,248,6579
351,249,6579
351,250,6579
351,252,6579
351,254,6579
352,232,6579
352,233,6579
352,240,6579
352,241,6579
352,254,6579
353,230,6579
353,232,6579
353,233,6579
353,234,6579
353,235,6579
353,236,6579
353,237,6579
353,238,6579
353,240,6579
353,247,6579
353,253,6579
353,256,6579
354,233,6579
354,234,6579
354,236,6579
354,237,6579
354,238,6579
354,239,6579
355,232,6579
355,233,6579
355,234,6579
355,235,6579
355,238,6579
355,239,6579
356,233,6579
356,234,6579
356,235,6579
356,236,6579
356,237,6579
356,238,6579
356,239,6579
